HYDROGEN H (N-T15SP2D)
20
1 0 1
84253200.00000000    1.00000000
2 0 1
145931000.00000000   1.00000000
3 0 1
252760000.00000000   1.00000000
4 0 1 
437792000.00000000   1.00000000
5 0 1 
758279000.00000000   1.00000000
6 0 1 
1313380000.00000000  1.00000000
7 0 1 
2274840000.00000000  1.00000000
8 0 1 
3940130000.00000000  1.00000000
9 0 1
6824510000.00000000  1.00000000
10 0 1 
11820400000.00000000  1.00000000
11 0 1 
20473500000.00000000  1.00000000
12 0 1 
35461200000.00000000  1.00000000
13 0 1 
61420600000.00000000   1.00000000
14 0 1 
106384000000.00000000   1.00000000
15 0 1 
184262000000.00000000   1.00000000
16 1 1
84253200.00000000    1.00000000
17 1 1
145931000.00000000   1.00000000
18 1 1
252760000.00000000   1.00000000
19 1 1
437792000.00000000   1.00000000
20 1 1
758279000.00000000   1.00000000
21 1 1
1313380000.00000000  1.00000000
22 1 1
2274840000.00000000  1.00000000
23 1 1
3940130000.00000000  1.00000000
24 1 1
6824510000.00000000  1.00000000
25 1 1
11820400000.00000000  1.00000000
26 1 1
20473500000.00000000  1.00000000
27 1 1
35461200000.00000000  1.00000000
28 1 1
61420600000.00000000   1.00000000
29 1 1
106384000000.00000000   1.00000000
30 1 1
184262000000.00000000   1.00000000
31 2 1
84253200.00000000    1.00000000
32 2 1
145931000.00000000   1.00000000
