HYDROGEN H (N-T40S) 
40
1 0 1
84253200.00000000    1.00000000
2 0 1
145931000.00000000   1.00000000
3 0 1
252760000.00000000   1.00000000
4 0 1 
437792000.00000000   1.00000000
5 0 1 
758279000.00000000   1.00000000
6 0 1 
1313380000.00000000  1.00000000
7 0 1 
2274840000.00000000  1.00000000
8 0 1 
3940130000.00000000  1.00000000
9 0 1
6824510000.00000000  1.00000000
10 0 1 
11820400000.00000000  1.00000000
11 0 1 
20473500000.00000000  1.00000000
12 0 1 
35461200000.00000000  1.00000000
13 0 1 
61420600000.00000000   1.00000000
14 0 1 
106384000000.00000000   1.00000000
15 0 1 
184262000000.00000000    1.00000000
16 0 1 
319151000000.00000000    1.00000000
17 0 1 
552785000000.00000000    1.00000000
18 0 1 
957452000000.00000000    1.00000000
19 0 1 
1658360000000.00000000   1.00000000
20 0 1 
2872360000000.00000000   1.00000000
21 0 1 
4975070000000.00000000   1.00000000
22 0 1 
8617070000000.00000000   1.00000000
23 0 1 
14925200000000.00000000  1.00000000
24 0 1 
25851200000000.00000000  1.00000000
25 0 1 
44775600000000.00000000  1.00000000
26 0 1 
77553600000000.00000000  1.00000000
27 0 1 
134327000000000.00000000  1.00000000
28 0 1 
232661000000000.00000000  1.00000000
29 0 1 
402980000000000.00000000  1.00000000
30 0 1 
697983000000000.00000000  1.00000000
31 0 1 
1208940000000000.00000000  1.00000000
32 0 1 
2093950000000000.00000000  1.00000000
33 0 1 
3626820000000000.00000000  1.00000000
34 0 1 
6281840000000000.00000000  1.00000000
35 0 1 
10880500000000000.00000000  1.00000000
36 0 1 
18845500000000000.00000000  1.00000000
37 0 1 
32641400000000000.00000000  1.00000000
38 0 1 
56536600000000000.00000000  1.00000000
39 0 1 
97924200000000000.00000000  1.00000000
40 0 1 
169610000000000000.00000000  1.00000000
#
HELIUM HE (N-T40S) 
20
1 0 1
84253200.00000000    1.00000000
2 0 1
145931000.00000000   1.00000000
3 0 1
252760000.00000000   1.00000000
4 0 1 
437792000.00000000   1.00000000
5 0 1 
758279000.00000000   1.00000000
6 0 1 
1313380000.00000000  1.00000000
7 0 1 
2274840000.00000000  1.00000000
8 0 1 
3940130000.00000000  1.00000000
9 0 1
6824510000.00000000  1.00000000
10 0 1 
11820400000.00000000  1.00000000
11 0 1 
20473500000.00000000  1.00000000
12 0 1 
35461200000.00000000  1.00000000
13 0 1 
61420600000.00000000   1.00000000
14 0 1 
106384000000.00000000   1.00000000
15 0 1 
184262000000.00000000    1.00000000
16 0 1 
319151000000.00000000    1.00000000
17 0 1 
552785000000.00000000    1.00000000
18 0 1 
957452000000.00000000    1.00000000
19 0 1 
1658360000000.00000000   1.00000000
20 0 1 
2872360000000.00000000   1.00000000
21 0 1 
4975070000000.00000000   1.00000000
22 0 1 
8617070000000.00000000   1.00000000
23 0 1 
14925200000000.00000000  1.00000000
24 0 1 
25851200000000.00000000  1.00000000
25 0 1 
44775600000000.00000000  1.00000000
26 0 1 
77553600000000.00000000  1.00000000
27 0 1 
134327000000000.00000000  1.00000000
28 0 1 
232661000000000.00000000  1.00000000
29 0 1 
402980000000000.00000000  1.00000000
30 0 1 
697983000000000.00000000  1.00000000
31 0 1 
1208940000000000.00000000  1.00000000
32 0 1 
2093950000000000.00000000  1.00000000
33 0 1 
3626820000000000.00000000  1.00000000
34 0 1 
6281840000000000.00000000  1.00000000
35 0 1 
10880500000000000.00000000  1.00000000
36 0 1 
18845500000000000.00000000  1.00000000
37 0 1 
32641400000000000.00000000  1.00000000
38 0 1 
56536600000000000.00000000  1.00000000
39 0 1 
97924200000000000.00000000  1.00000000
40 0 1 
169610000000000000.00000000  1.00000000
