################################################################################
#
# DATA BASE FILE WITH ORBITAL BASIS SETS
#
# History: - Creation (21.11.96, Matthias Krack)
#                     (24.05.02, Andreas M. Koester)
#                     (04.12.04, Roberto Flores-Moreno)
#
################################################################################
#
# Contents: 
#           - DZVP LDA (H-Xe)
#             (21.11.96, Matthias Krack)
#             Lit.: Can. J. Phys. 70, 560 (1992)
#
#           - DZVP GGA (H-Xe)
#             (17.01.05, Andreas M. Koester)
#             Lit.: J. Chem. Phys. 126, 044108 (2007)
#
################################################################################
#
# DZVP LDA Basis Sets
#
################################################################################
#
HYDROGEN H (41/1) (DZVP) (DZVP-LDA)
  3
  1  0   4
       50.9991800000        0.0096604760
        7.4832180000        0.0737288600
        1.7774680000        0.2958581000
        0.5193295000        0.7159053000
  2  0   1
        0.1541100000        1.0000000000
  2  1   1
        0.7500000000        1.0000000000
#
HELIUM HE (51) (DZVP) (DZVP-LDA)
  2
  1  0   5
      221.3880300000        0.0027491019
       33.2619660000        0.0208657650
        7.5616549000        0.0970588380
        2.0855990000        0.2807288500
        0.6143391600        0.4742218300
  2  0   1
        0.1829212000        1.0000000000
#
LITHIUM LI (6111/311) (DZVP) (DZVP-LDA) (TZVP)
  7
  1  0   6
      605.7054000000        0.0022800000
       90.8609100000        0.0174600000
       20.6312700000        0.0834000000
        5.7384460000        0.2607400000
        1.7515260000        0.4726300000
        0.5463901000        0.3090700000
  2  0   1
        0.8427234000        1.0000000000
  3  0   1
        0.0674483300        1.0000000000
  4  0   1
        0.0253733200        1.0000000000
  2  1   3
        2.7700000000        0.0119900000
        0.6300000000        0.0543800000
        0.1850000000        0.1724600000
  3  1   1
        0.0544000000        1.0000000000
  4  1   1
        0.0160000000        1.0000000000
#
BERYLLIUM BE (621/1/1*) (DZVP) (DZVP-LDA)
  5
  1  0   6
     1203.4140000000        0.0020504250
      180.2457000000        0.0157077700
       40.8000500000        0.0768315300
       11.3365400000        0.2480252000
        3.5034830000        0.4798452000
        1.1091220000        0.3371459000
  2  0   2
        1.9593420000       -0.0750455400
        0.1652013000        0.5813557000
  3  0   1
        0.0552207800        1.0000000000
  2  1   1
        0.1665000000        1.0000000000
  3  2   1
        0.2500000000        1.0000000000
#
BORON B (621/41/1*) (DZVP) (DZVP-LDA)
  6
  1  0   6
     1915.1670000000       -0.0020395200
      287.1831000000       -0.0155965800
       65.1571700000       -0.0762442400
       18.1958300000       -0.2479244000
        5.7015380000       -0.4790823000
        1.8438370000       -0.3352953000
  2  0   2
        3.4914300000        0.0774223700
        0.3050560000       -0.5741239000
  3  0   1
        0.0964865000        1.0000000000
  2  1   4
       11.6874200000        0.0150861200
        2.6307750000        0.0888157000
        0.7442269000        0.2903682000
        0.2304761000        0.4994433000
  3  1   1
        0.0699380500        1.0000000000
  3  2   1
        0.4000000000        1.0000000000
#
CARBON C (621/41/1*) (DZVP) (DZVP-LDA)
  6
  1  0   6
     2808.0640000000        0.0020178300
      421.1383000000        0.0154332000
       95.5866200000        0.0755815500
       26.7390000000        0.2478282000
        8.4328270000        0.4793725000
        2.7605820000        0.3338344000
  2  0   2
        5.4470040000       -0.0778407700
        0.4792422000        0.5689560000
  3  0   1
        0.1461565000        1.0000000000
  2  1   4
       18.1308500000        0.0158547300
        4.0998830000        0.0956827700
        1.1858370000        0.3049119000
        0.3685974000        0.4935017000
  3  1   1
        0.1097200000        1.0000000000
  3  2   1
        0.6000000000        1.0000000000
#
NITROGEN N (621/41/1*) (DZVP) (DZVP-LDA)
  6
  1  0   6
     3845.4150000000        0.0020186080
      577.5332000000        0.0154077600
      131.3198000000        0.0753714000
       36.8237800000        0.2482122000
       11.6701200000        0.4798274000
        3.8542600000        0.3318012000
  2  0   2
        7.8295610000       -0.0776668700
        0.6877351000        0.5654598000
  3  0   1
        0.2040388000        1.0000000000
  2  1   4
       26.8098400000        0.0154663100
        6.0681540000        0.0964396800
        1.7676260000        0.3083610000
        0.5466728000        0.4911597000
  3  1   1
        0.1587289000        1.0000000000
  3  2   1
        0.7000000000        1.0000000000
#
OXYGEN O (621/41/1*) (DZVP) (DZVP-LDA)
  6
  1  0   6
     5222.9020000000       -0.0019363720
      782.5399000000       -0.0148506700
      177.2674000000       -0.0733187000
       49.5166900000       -0.2451162000
       15.6664400000       -0.4802847000
        5.1793600000       -0.3359427000
  2  0   2
       10.6014400000        0.0788058200
        0.9423171000       -0.5676952000
  3  0   1
        0.2774746000        1.0000000000
  2  1   4
       33.4241300000        0.0175603300
        7.6221710000        0.1076300000
        2.2382090000        0.3235255000
        0.6867300000        0.4832229000
  3  1   1
        0.1938135000        1.0000000000
  3  2   1
        0.8000000000        1.0000000000
#
FLUORINE F (621/41/1*) (DZVP) (DZVP-LDA)
  6
  1  0   6
     6384.7140000000       -0.0020301590
      958.8865000000       -0.0154981000
      218.1901000000       -0.0757786900
       61.3647300000       -0.2502724000
       19.6029000000       -0.4801086000
        6.5648830000       -0.3271614000
  2  0   2
       13.8106900000        0.0790706600
        1.2298670000       -0.5681216000
  3  0   1
        0.3584713000        1.0000000000
  2  1   4
       42.4699100000        0.0183170400
        9.7138810000        0.1124513000
        2.8640390000        0.3297771000
        0.8746054000        0.4799772000
  3  1   1
        0.2425071000        1.0000000000
  3  2   1
        1.0000000000        1.0000000000
#
O-NEON NEON NE (621/41/1*) (DZVP) (DZVP-LDA)
  6
  1  0   6
     7883.8260000000        0.0020374790
     1184.4060000000        0.0155468100
      269.6731000000        0.0759637700
       75.9416500000        0.2511027000
       24.3210900000        0.4804765000
        8.1832560000        0.3251142000
  2  0   2
       17.4495200000       -0.0790099700
        1.5516320000        0.5676274000
  3  0   1
        0.4476986000        1.0000000000
  2  1   4
       52.9038100000        0.0187910600
       12.1233600000        0.1157605000
        3.5859220000        0.3342627000
        1.0921630000        0.4778038000
  3  1   1
        0.2994419000        1.0000000000
  3  2   1
        1.2000000000        1.0000000000
#
O-SODIUM SODIUM NA (6321/521/1*) (DZVP) (DZVP-LDA)
  8
  1  0   6
     9911.9960000000        0.0019500000
     1487.4550000000        0.0148800000
      337.9539000000        0.0732600000
       94.9139500000        0.2450700000
       30.3415000000        0.4787800000
       10.1908400000        0.3327300000
  2  0   3
       21.2296500000       -0.0917500000
        1.9804180000        0.5721000000
        0.6188824000        0.4550100000
  3  0   2
        0.6991738000       -0.1150200000
        0.0618270500        0.6934500000
  4  0   1
        0.0237274100        1.0000000000
  2  1   5
       73.0853100000       -0.0165900000
       16.8645600000       -0.1059900000
        5.0553910000       -0.3220200000
        1.5920210000       -0.4903600000
        0.4702690000       -0.3121800000
  3  1   2
        0.1700000000        0.0412900000
        0.0647000000        0.4041200000
  4  1   1
        0.0170000000        1.0000000000
  3  2   1
        0.1169000000        1.0000000000
#
O-MAGNESIUM MAGNESIUM MG (6321/411/1*) (DZVP) (DZVP-LDA)
  8
  1  0   6
    12436.6700000000       -0.0018333240
     1862.2230000000       -0.0140828100
      421.3745000000       -0.0700956200
      117.6930000000       -0.2387718000
       37.4314500000       -0.4787377000
       12.5054900000       -0.3447773000
  2  0   3
       25.4514000000        0.0852139700
        2.4528770000       -0.5646916000
        0.8051333000       -0.5157275000
  3  0   2
        1.0820080000       -0.1113334000
        0.1083340000        0.6481452000
  4  0   1
        0.0399073500        1.0000000000
  2  1   4
       92.4632200000        0.0162715700
       21.5017700000        0.1045630000
        6.5374420000        0.3224328000
        2.1180810000        0.4940399000
  3  1   1
        0.6583148000        1.0000000000
  4  1   1
        0.1061000000        1.0000000000
  3  2   1
        0.1870000000        1.0000000000
#
O-ALUMINIUM ALUMINIUM AL (6321/521/1*) (DZVP) (DZVP-LDA)
  8
  1  0   6
    14724.4500000000        0.0018181970
     2205.4630000000        0.0139580500
      499.3021000000        0.0695009200
      139.5901000000        0.2371061000
       44.4922800000        0.4776104000
       14.9056900000        0.3476339000
  2  0   3
       30.0750700000       -0.0878851200
        2.9838330000        0.5677370000
        1.0209900000        0.5105008000
  3  0   2
        1.4927790000        0.1341424000
        0.1692291000       -0.6656758000
  4  0   1
        0.0617449100        1.0000000000
  2  1   5
      127.9161000000        0.0133024200
       29.7767800000        0.0896709600
        9.0917390000        0.2981308000
        3.0009870000        0.4962628000
        0.9695584000        0.3301450000
  3  1   2
        0.3756001000        0.2050982000
        0.1250989000        0.5518101000
  4  1   1
        0.0417398100        1.0000000000
  3  2   1
        0.3000000000        1.0000000000
#
O-SILICON SILICON SI (6321/521/1*) (DZVP) (DZVP-LDA)
  8
  1  0   6
    17268.5800000000       -0.0017973950
     2586.6510000000       -0.0137970400
      585.6364000000       -0.0687807200
      163.7736000000       -0.2352508000
       52.2670300000       -0.4766194000
       17.5416800000       -0.3507726000
  2  0   3
       35.1241400000        0.0902137000
        3.5654230000       -0.5722548000
        1.2591470000       -0.5045537000
  3  0   2
        1.9470140000       -0.1508352000
        0.2367573000        0.6745594000
  4  0   1
        0.0858966400        1.0000000000
  2  1   5
      159.6817000000       -0.0123932000
       37.2581700000       -0.0850800400
       11.4382500000       -0.2905513000
        3.8278340000       -0.4985588000
        1.2679000000       -0.3325624000
  3  1   2
        0.5344095000       -0.2264369000
        0.1829031000       -0.5553035000
  4  1   1
        0.0617872600        1.0000000000
  3  2   1
        0.4500000000        1.0000000000
#
O-PHOSPHORUS PHOSPHORUS P (6321/521/1*) (DZVP) (DZVP-LDA)
  8
  1  0   6
    20024.9400000000       -0.0017787230
     2999.4410000000       -0.0136540700
      679.0868000000       -0.0681441600
      189.9439000000       -0.2336137000
       60.6834800000       -0.4757401000
       20.3982300000       -0.3535470000
  2  0   3
       40.5941600000       -0.0922427200
        4.1972190000        0.5774677000
        1.5192950000        0.4983773000
  3  0   2
        2.4458590000        0.1631695000
        0.3116159000       -0.6787174000
  4  0   1
        0.1120101000        1.0000000000
  2  1   5
      195.3994000000       -0.0116298200
       45.6667500000       -0.0811413200
       14.0730700000       -0.2837707000
        4.7572430000       -0.5004074000
        1.6035060000       -0.3357758000
  3  1   2
        0.7039432000       -0.2471697000
        0.2451145000       -0.5552025000
  4  1   1
        0.0831324000        1.0000000000
  3  2   1
        0.5500000000        1.0000000000
#
O-SULFUR SULFUR S (6321/521/1*) (DZVP) (DZVP-LDA)
  8
  1  0   6
    23050.0700000000       -0.0017566500
     3451.8660000000       -0.0134893800
      781.2787000000       -0.0674324900
      218.4765000000       -0.2318604000
       69.8326300000       -0.4749416000
       23.4948000000       -0.3564992000
  2  0   3
       46.4823800000       -0.0940421700
        4.8807490000        0.5828881000
        1.8014760000        0.4923262000
  3  0   2
        2.9778040000        0.1731553000
        0.3942510000       -0.6854363000
  4  0   1
        0.1417028000        1.0000000000
  2  1   5
      231.3313000000        0.0112789100
       54.1461600000        0.0794256900
       16.7576200000        0.2808799000
        5.7193200000        0.5020190000
        1.9560350000        0.3344146000
  3  1   2
        0.8955913000        0.2646811000
        0.3094227000        0.5496127000
  4  1   1
        0.1021157000        1.0000000000
  3  2   1
        0.6500000000        1.0000000000
#
O-CHLORINE CHLORINE CL (6321/521/1*) (DZVP) (DZVP-LDA)
  8
  1  0   6
    26351.4600000000        0.0017324290
     3945.0570000000        0.0133109400
      892.4384000000        0.0666748300
      249.4174000000        0.2300506000
       79.7215700000        0.4742307000
       26.8311400000        0.3595240000
  2  0   3
       52.7853000000       -0.0956295900
        5.6156430000        0.5880840000
        2.1059080000        0.4866982000
  3  0   2
        3.5586150000        0.1806891000
        0.4847981000       -0.6884829000
  4  0   1
        0.1733310000        1.0000000000
  2  1   5
      271.0782000000       -0.0109256700
       63.5472100000       -0.0775909100
       19.7371100000       -0.2775159000
        6.7889940000       -0.5031933000
        2.3480300000       -0.3348426000
  3  1   2
        1.1066860000       -0.2765381000
        0.3829680000       -0.5466768000
  4  1   1
        0.1251133000        1.0000000000
  3  2   1
        0.7500000000        1.0000000000
#
O-ARGON ARGON AR (6321/521/1*) (DZVP) (DZVP-LDA)
  8
  1  0   6
    29505.7700000000       -0.0017375040
     4419.2160000000       -0.0133380900
     1000.5770000000       -0.0667249100
      280.0380000000       -0.2298887000
       89.7120800000       -0.4735744000
       30.2798800000       -0.3599160000
  2  0   3
       59.5144000000        0.0970257400
        6.3997780000       -0.5933987000
        2.4314710000       -0.4810804000
  3  0   2
        4.1875360000       -0.1864000000
        0.5832562000        0.6895689000
  4  0   1
        0.2071081000        1.0000000000
  2  1   5
      313.0218000000        0.0106753000
       73.4872300000        0.0763095300
       22.8979900000        0.2751271000
        7.9322150000        0.5040719000
        2.7702700000        0.3346271000
  3  1   2
        1.3318950000        0.2877000000
        0.4618615000        0.5447527000
  4  1   1
        0.1502194000        1.0000000000
  3  2   1
        0.8500000000        1.0000000000
#
O-POTASSIUM POTASSIUM K (63321/5211/1*) (DZVP) (DZVP-LDA)
 10
  1  0   6
    33078.6500000000        0.0017266760
     4954.9020000000        0.0132514200
     1122.1310000000        0.0663142300
      314.2081000000        0.2286724000
      100.7763000000        0.4726698000
       34.0613500000        0.3621416000
  2  0   3
       66.6029300000       -0.0984506600
        7.2644560000        0.5941619000
        2.8036790000        0.4799139000
  3  0   3
        4.8324390000        0.1972709000
        0.7058188000       -0.6956473000
        0.2697520000       -0.4228781000
  4  0   2
        0.3533535000       -0.1246783000
        0.0420916300        0.7383633000
  5  0   1
        0.0174484800        1.0000000000
  2  1   5
      367.5115000000       -0.0100333200
       86.2608600000       -0.0727348400
       26.8979700000       -0.2679043000
        9.3541250000       -0.5038367000
        3.2920580000       -0.3426224000
  3  1   2
        1.6209190000       -0.2952722000
        0.5872493000       -0.5563566000
  4  1   1
        0.2046941000        1.0000000000
  5  1   1
        0.0408000000        1.0000000000
  3  2   1
        0.0741000000        1.0000000000
#
O-CALCIUM CALCIUM CA (63321/5211/1*) (DZVP) (DZVP-LDA)
 10
  1  0   6
    36930.0100000000        0.0017128220
     5531.7090000000        0.0131448600
     1252.7410000000        0.0658359100
      350.8148000000        0.2273606000
      112.5966000000        0.4718469000
       38.0887900000        0.3644995000
  2  0   3
       74.1164700000       -0.0997435700
        8.1843740000        0.5952113000
        3.2003680000        0.4785993000
  3  0   3
        5.5283280000        0.2071853000
        0.8378952000       -0.7105805000
        0.3330333000       -0.4109917000
  4  0   2
        0.5088598000       -0.1545511000
        0.0660243900        0.7241643000
  5  0   1
        0.0268589500        1.0000000000
  2  1   5
      421.3459000000       -0.0096865310
       98.9759900000       -0.0707599400
       30.9287000000       -0.2636593000
       10.8116600000       -0.5033651000
        3.8379800000       -0.3466308000
  3  1   2
        1.9276020000       -0.3026980000
        0.7256823000       -0.5591627000
  4  1   1
        0.2659863000        1.0000000000
  5  1   1
        0.0581000000        1.0000000000
  3  2   1
        0.1088000000        1.0000000000
#
O-SCANDIUM SCANDIUM SC (63321/531/41*) (DZVP) (DZVP-LDA)
 10
  1  0   6
    40355.9100000000        0.0017333140
     6050.5160000000        0.0132788600
     1372.4760000000        0.0663040900
      385.2470000000        0.2281044000
      124.0319000000        0.4713657000
       42.1194200000        0.3633763000
  2  0   3
       82.1587000000       -0.1008176000
        9.1349840000        0.6005760000
        3.6000850000        0.4731860000
  3  0   3
        6.3109740000        0.2096618000
        0.9654948000       -0.7088848000
        0.3789352000       -0.4149589000
  4  0   2
        0.5339866000       -0.1518766000
        0.0736986000        0.7029741000
  5  0   1
        0.0287204600        1.0000000000
  2  1   5
      483.1197000000        0.0092716110
      113.2477000000        0.0686349500
       35.3572500000        0.2599716000
       12.3792000000        0.5043357000
        4.4103730000        0.3495890000
  3  1   3
        2.2242380000        0.3102315000
        0.8338991000        0.5551398000
        0.3034508000        0.2617353000
  4  1   1
        0.0765000000        1.0000000000
  3  2   4
       10.6629000000        0.0644751900
        2.7196220000        0.2636906000
        0.7677085000        0.4718955000
        0.1886337000        0.5452150000
  4  2   1
        0.0360000000        1.0000000000
#
O-TITANIUM TITANIUM TI (63321/531/41*) (DZVP) (DZVP-LDA)
 10
  1  0   6
    44446.8900000000       -0.0017276040
     6664.4150000000       -0.0132329400
     1511.9860000000       -0.0660837100
      424.5508000000       -0.2274691000
      136.8002000000       -0.4708755000
       46.5145300000       -0.3644901000
  2  0   3
       90.6049400000       -0.1018126000
       10.1468600000        0.6042992000
        4.0277170000        0.4694450000
  3  0   3
        7.1270380000       -0.2127146000
        1.1031400000        0.7104118000
        0.4324495000        0.4153307000
  4  0   2
        0.6155751000       -0.1526574000
        0.0858580800        0.6610350000
  5  0   1
        0.0331032900        1.0000000000
  2  1   5
      537.6690000000        0.0092079970
      126.3641000000        0.0681867500
       39.5713800000        0.2591324000
       13.9217500000        0.5046390000
        4.9916810000        0.3487787000
  3  1   3
        2.5478910000        0.3152197000
        0.9597935000        0.5534010000
        0.3502063000        0.2577543000
  4  1   1
        0.0855000000        1.0000000000
  3  2   4
       13.5200200000       -0.0624137100
        3.5074520000       -0.2648016000
        1.0220950000       -0.4797700000
        0.2627861000       -0.5240558000
  4  2   1
        0.0510000000        1.0000000000
#
O-VANADIUM VANADIUM V (63321/531/41*) (DZVP) (DZVP-LDA)
 10
  1  0   6
    49145.2600000000       -0.0017048650
     7366.1010000000       -0.0130685500
     1669.9600000000       -0.0654043600
      468.4396000000       -0.2259286000
      150.8210000000       -0.4704403000
       51.2527800000       -0.3670273000
  2  0   3
       99.4801800000       -0.1027169000
       11.2132600000        0.6076980000
        4.4778250000        0.4660731000
  3  0   3
        7.9913350000       -0.2147809000
        1.2468160000        0.7109044000
        0.4873933000        0.4162709000
  4  0   2
        0.6908890000       -0.1490260000
        0.0969865500        0.6330897000
  5  0   1
        0.0367639800        1.0000000000
  2  1   5
      595.1271000000       -0.0091589110
      140.0040000000       -0.0679656600
       43.9413800000       -0.2588992000
       15.5269500000       -0.5050116000
        5.5992160000       -0.3473443000
  3  1   3
        2.8892720000       -0.3191486000
        1.0908880000       -0.5518365000
        0.3981297000       -0.2552426000
  4  1   1
        0.0951000000        1.0000000000
  3  2   4
       16.2204700000       -0.0616386500
        4.2547430000       -0.2668608000
        1.2617710000       -0.4844443000
        0.3315145000       -0.5111355000
  4  2   1
        0.0640000000        1.0000000000
#
O-CHROMIUM CHROMIUM CR (63321/531/41*) (DZVP) (DZVP-LDA)
 10
  1  0   6
    52778.7500000000        0.0017353810
     7918.3020000000        0.0132775200
     1798.4870000000        0.0661905600
      505.9200000000        0.2273848000
      163.5006000000        0.4700728000
       55.8176300000        0.3647653000
  2  0   3
      108.8041000000        0.1035171000
       12.3273900000       -0.6115169000
        4.9462290000       -0.4623066000
  3  0   3
        8.9020440000        0.2161901000
        1.3966980000       -0.7109203000
        0.5440142000       -0.4173588000
  4  0   2
        0.7773662000        0.1468721000
        0.1070358000       -0.6148496000
  5  0   1
        0.0399076700        1.0000000000
  2  1   5
      661.7120000000       -0.0089894070
      155.3130000000       -0.0672767800
       48.7430800000       -0.2579756000
       17.2660800000       -0.5055799000
        6.2507650000       -0.3471414000
  3  1   3
        3.2504870000       -0.3220208000
        1.2284090000       -0.5504777000
        0.4478437000       -0.2539024000
  4  1   1
        0.1051000000        1.0000000000
  3  2   4
       18.8329700000       -0.0617039600
        4.9791200000       -0.2701080000
        1.4918700000       -0.4880989000
        0.3958513000       -0.5011106000
  4  2   1
        0.0750000000        1.0000000000
#
O-MANGANESE MANGANESE MN (63321/531/41*) (DZVP) (DZVP-LDA)
 10
  1  0   6
    58745.6900000000        0.0016834860
     8803.0390000000        0.0129103100
     1994.9330000000        0.0647226000
      559.3536000000        0.2242657000
      180.1227000000        0.4696949000
       61.2621300000        0.3698049000
  2  0   3
      118.5280000000        0.1042770000
       13.5049500000       -0.6140001000
        5.4431830000       -0.4598972000
  3  0   3
        9.8569560000        0.2175547000
        1.5552160000       -0.7108859000
        0.6046178000       -0.4183703000
  4  0   2
        0.8629655000        0.1437611000
        0.1167188000       -0.6009008000
  5  0   1
        0.0428591000        1.0000000000
  2  1   5
      740.9277000000       -0.0086419920
      173.9131000000       -0.0652248800
       54.5184900000       -0.2540417000
       19.3004100000       -0.5061519000
        6.9893100000       -0.3514232000
  3  1   3
        3.6326200000       -0.3248359000
        1.3738300000       -0.5496414000
        0.5014290000       -0.2517273000
  4  1   1
        0.1129000000        1.0000000000
  3  2   4
       21.2579600000        0.0630275500
        5.6579950000        0.2754061000
        1.7029450000        0.4916845000
        0.4518869000        0.4914831000
  4  2   1
        0.0820000000        1.0000000000
#
O-IRON IRON FE (63321/531/41*) (DZVP) (DZVP-LDA)
 10
  1  0   6
    61430.2300000000        0.0017558780
     9222.1760000000        0.0134169200
     2097.5970000000        0.0666954400
      591.4904000000        0.2282051000
      191.8606000000        0.4694499000
       65.8263200000        0.3635569000
  2  0   3
      128.7407000000       -0.1049168000
       14.7181300000        0.6179619000
        5.9507540000        0.4560093000
  3  0   3
       10.8598800000        0.2184916000
        1.7194470000       -0.7113310000
        0.6664531000       -0.4186947000
  4  0   2
        0.9754761000       -0.1441054000
        0.1231143000        0.5958134000
  5  0   1
        0.0448795000        1.0000000000
  2  1   5
      780.6203000000       -0.0091216830
      184.0062000000       -0.0680040000
       58.0844700000       -0.2597681000
       20.7597900000       -0.5060139000
        7.5934510000       -0.3419082000
  3  1   3
        4.0279170000       -0.3272962000
        1.5264700000       -0.5481500000
        0.5573702000       -0.2506629000
  4  1   1
        0.1210000000        1.0000000000
  3  2   4
       23.9293200000       -0.0634920900
        6.3999010000       -0.2783913000
        1.9317420000       -0.4938196000
        0.5115279000       -0.4862694000
  4  2   1
        0.0900000000        1.0000000000
#
O-COBALT COBALT CO (63321/531/41*) (DZVP) (DZVP-LDA)
 10
  1  0   6
    67981.0400000000       -0.0017023800
    10193.4300000000       -0.0130386200
     2313.1810000000       -0.0651880000
      650.0778000000       -0.2250290000
      210.0602000000       -0.4691457000
       71.7745000000       -0.3686586000
  2  0   3
      139.3222000000        0.1055578000
       16.0027900000       -0.6200954000
        6.4919350000       -0.4539725000
  3  0   3
       11.9103900000       -0.2191273000
        1.8904110000        0.7114201000
        0.7302278000        0.4192248000
  4  0   2
        1.0586020000        0.1392893000
        0.1300905000       -0.5864315000
  5  0   1
        0.0468530100        1.0000000000
  2  1   5
      852.7914000000       -0.0090265670
      201.0696000000       -0.0675098400
       63.5213400000       -0.2590252000
       22.7486500000       -0.5063919000
        8.3427750000       -0.3418521000
  3  1   3
        4.4476080000       -0.3289535000
        1.6858780000       -0.5472994000
        0.6151209000       -0.2500163000
  4  1   1
        0.1266000000        1.0000000000
  3  2   4
       26.5324700000       -0.0644759000
        7.1258950000       -0.2823659000
        2.1547670000       -0.4956536000
        0.5688600000       -0.4806519000
  4  2   1
        0.0970000000        1.0000000000
#
O-NICKEL NICKEL NI (63321/531/41*) (DZVP) (DZVP-LDA)
 10
  1  0   6
    72509.0400000000       -0.0017207500
    10879.1800000000       -0.0131637500
     2471.6460000000       -0.0656567100
      695.8260000000       -0.2259027000
      225.3750000000       -0.4689157000
       77.2401600000       -0.3672841000
  2  0   3
      150.3641000000        0.1061215000
       17.3310900000       -0.6228997000
        7.0488550000       -0.4512631000
  3  0   3
       13.0064000000       -0.2195590000
        2.0682820000        0.7111741000
        0.7963434000        0.4199687000
  4  0   2
        1.1407610000        0.1345042000
        0.1364956000       -0.5791180000
  5  0   1
        0.0486401500        1.0000000000
  2  1   5
      925.3782000000        0.0089808000
      218.3792000000        0.0672568300
       69.0759000000        0.2587199000
       24.7941900000        0.5067080000
        9.1177270000        0.3412531000
  3  1   3
        4.8865560000        0.3302654000
        1.8520570000        0.5465753000
        0.6748905000        0.2496822000
  4  1   1
        0.1351000000        1.0000000000
  3  2   4
       29.2296600000       -0.0653952900
        7.8789140000       -0.2860130000
        2.3861160000       -0.4971564000
        0.6282437000       -0.4756369000
  4  2   1
        0.1040000000        1.0000000000
#
O-COPPER COPPER CU (63321/531/41*) (DZVP) (DZVP-LDA)
 10
  1  0   6
    80289.6200000000       -0.0016562160
    12027.3400000000       -0.0127092500
     2724.2580000000       -0.0638517700
      763.5617000000       -0.2221154000
      246.0646000000       -0.4686049000
       83.8683600000       -0.3733793000
  2  0   3
      161.7973000000        0.1066759000
       18.7253700000       -0.6245943000
        7.6364160000       -0.4496724000
  3  0   3
       14.1508300000       -0.2198077000
        2.2528310000        0.7108760000
        0.8644886000        0.4206572000
  4  0   2
        1.2230960000        0.1303169000
        0.1429771000       -0.5708601000
  5  0   1
        0.0504603300        1.0000000000
  2  1   5
     1002.9740000000        0.0089143100
      236.6253000000        0.0669704300
       74.8923200000        0.2584147000
       26.9312500000        0.5070620000
        9.9267760000        0.3407511000
  3  1   3
        5.3446650000        0.3313745000
        2.0247480000        0.5459871000
        0.7366331000        0.2494767000
  4  1   1
        0.1410000000        1.0000000000
  3  2   4
       31.8126700000       -0.0668891400
        8.6058710000       -0.2907401000
        2.6093410000       -0.4984195000
        0.6852135000       -0.4697251000
  4  2   1
        0.1100000000        1.0000000000
#
O-ZINC ZINC ZN (63321/531/41*) (DZVP) (DZVP-LDA)
 10
  1  0   6
    82904.2200000000       -0.0017313190
    12444.2300000000       -0.0132328300
     2829.8530000000       -0.0658900700
      797.8929000000       -0.2261988000
      259.0647000000       -0.4683912000
       89.0795100000       -0.3669156000
  2  0   3
      173.6817000000       -0.1071624000
       20.1665000000        0.6264982000
        8.2470820000        0.4478206000
  3  0   3
       15.3165800000       -0.2212375000
        2.4557490000        0.7091911000
        0.9548777000        0.4224147000
  4  0   2
        1.4100030000       -0.1404652000
        0.1693441000        0.6012745000
  5  0   1
        0.0592210000        1.0000000000
  2  1   5
     1085.1780000000        0.0088260260
      256.1809000000        0.0664454900
       81.1402500000        0.2574246000
       29.2225200000        0.5071455000
       10.7937000000        0.3414356000
  3  1   3
        5.8412900000        0.3312126000
        2.2263660000        0.5463760000
        0.8211640000        0.2468144000
  4  1   1
        0.1690000000        1.0000000000
  3  2   4
       38.0934700000       -0.0606966400
       10.4237600000       -0.2760500000
        3.2532520000       -0.4982638000
        0.9097528000       -0.4689898000
  4  2   1
        0.1720000000        1.0000000000
#
O-GALLIUM GALLIUM GA (63321/5321/41*) (DZVP) (DZVP-LDA)
 11
  1  0   6
    88374.0500000000        0.0017358110
    13268.9100000000        0.0132605300
     3018.7940000000        0.0659759400
      851.7884000000        0.2262658000
      276.8762000000        0.4681011000
       95.3453200000        0.3668822000
  2  0   3
      185.9603000000       -0.1076453000
       21.6707500000        0.6277266000
        8.8893890000        0.4466379000
  3  0   3
       16.5336300000        0.2226595000
        2.6666020000       -0.7081774000
        1.0515410000       -0.4233846000
  4  0   2
        1.5625460000       -0.1577253000
        0.2076115000        0.6391178000
  5  0   1
        0.0735438900        1.0000000000
  2  1   5
     1163.1960000000       -0.0088407400
      274.8973000000       -0.0665062300
       87.2559900000       -0.2573602000
       31.5348600000       -0.5065297000
       11.7006100000       -0.3411450000
  3  1   3
        6.3876670000       -0.3278164000
        2.4667020000       -0.5424422000
        0.9361940000       -0.2505594000
  4  1   2
        0.3812727000       -0.2124864000
        0.1255096000       -0.5517548000
  5  1   1
        0.0410716600        1.0000000000
  3  2   4
       38.0582700000       -0.0700358400
       10.3615200000       -0.3052574000
        3.1603520000       -0.5167260000
        0.8477194000       -0.4278052000
  4  2   1
        0.1620000000        1.0000000000
#
O-GERMANIUM GERMANIUM GE (63321/5321/41*) (DZVP) (DZVP-LDA)
 11
  1  0   6
   100666.2000000000       -0.0016005790
    15061.9700000000       -0.0123094100
     3404.1950000000       -0.0622061700
      951.2170000000       -0.2183436000
      305.6481000000       -0.4675375000
      103.8814000000       -0.3797132000
  2  0   3
      198.5480000000       -0.1081669000
       23.2648700000        0.6266130000
        9.5835010000        0.4477900000
  3  0   3
       17.7891000000       -0.2247444000
        2.8895740000        0.7096097000
        1.1609260000        0.4219827000
  4  0   2
        1.7840840000       -0.1776766000
        0.2538740000        0.6676128000
  5  0   1
        0.0921980900        1.0000000000
  2  1   5
     1316.9310000000        0.0080488770
      310.7653000000        0.0616066300
       98.0417200000        0.2468894000
       35.1499900000        0.5066484000
       12.9492500000        0.3557105000
  3  1   3
        6.9476150000        0.3277648000
        2.7037890000        0.5428976000
        1.0484810000        0.2466886000
  4  1   2
        0.4417125000        0.2557696000
        0.1606094000        0.5378329000
  5  1   1
        0.0574075800        1.0000000000
  3  2   4
       43.6637500000        0.0664648000
       11.9792100000        0.2982969000
        3.7227860000        0.5203260000
        1.0423720000        0.4202894000
  4  2   1
        0.2180000000        1.0000000000
#
O-ARSENIC ARSENIC AS (63321/5321/41*) (DZVP) (DZVP-LDA)
 11
  1  0   6
   107365.9000000000       -0.0015957240
    16064.0500000000       -0.0122722000
     3630.6520000000       -0.0620362000
     1014.5280000000       -0.2178656000
      326.0743000000       -0.4672108000
      110.8652000000       -0.3805783000
  2  0   3
      211.6292000000       -0.1086048000
       24.8873100000        0.6271179000
       10.2861900000        0.4473011000
  3  0   3
       19.0905100000       -0.2270113000
        3.1202840000        0.7137823000
        1.2751350000        0.4180247000
  4  0   2
        2.0202310000       -0.1944864000
        0.3032086000        0.6871501000
  5  0   1
        0.1113256000        1.0000000000
  2  1   5
     1416.2410000000        0.0079561280
      334.2792000000        0.0610372900
      105.5240000000        0.2454926000
       37.8871400000        0.5062554000
       13.9876100000        0.3573375000
  3  1   3
        7.5293460000       -0.3275804000
        2.9610270000       -0.5429651000
        1.1706230000       -0.2433757000
  4  1   2
        0.1962306000       -0.5487952000
        0.5252209000       -0.2795973000
  5  1   1
        0.0704747500        1.0000000000
  3  2   4
       49.4288200000        0.0636744000
       13.6481100000        0.2927250000
        4.3052960000        0.5233417000
        1.2466450000        0.4142044000
  4  2   1
        0.2730000000        1.0000000000
#
O-SELENIUM SELENIUM SE (63321/5321/41*) (DZVP) (DZVP-LDA)
 11
  1  0   6
   114288.8000000000       -0.0015910380
    17099.7400000000       -0.0122362000
     3864.6760000000       -0.0618722700
     1079.9530000000       -0.2174028000
      347.1853000000       -0.4668917000
      118.0836000000       -0.3814202000
  2  0   3
      225.1278000000       -0.1090202000
       26.5650700000        0.6275629000
       11.0155800000        0.4468660000
  3  0   3
       20.4370200000       -0.2294209000
        3.3604970000        0.7197040000
        1.3940500000        0.4125417000
  4  0   2
        2.2645280000       -0.2083219000
        0.3544357000        0.7041515000
  5  0   1
        0.1319064000        1.0000000000
  2  1   5
     1519.2830000000        0.0078684810
      358.7246000000        0.0604866200
      113.3101000000        0.2441071000
       40.7375800000        0.5058603000
       15.0697500000        0.3589737000
  3  1   3
        8.1294890000        0.3282052000
        3.2274330000        0.5438675000
        1.2950980000        0.2388012000
  4  1   2
        0.6126198000        0.3087793000
        0.2272267000        0.5447087000
  5  1   1
        0.0806247700        1.0000000000
  3  2   4
       55.3721100000        0.0614361500
       15.3729600000        0.2882194000
        4.9092290000        0.5259796000
        1.4602420000        0.4090499000
  4  2   1
        0.3210000000        1.0000000000
#
O-BROMINE BROMINE BR (63321/5321/41*) (DZVP) (DZVP-LDA)
 11
  1  0   6
   115354.1000000000        0.0016893780
    17308.3900000000        0.0129218500
     3932.8540000000        0.0645566100
     1107.7720000000        0.2228721000
      359.6334000000        0.4668337000
      123.6999000000        0.3726870000
  2  0   3
      239.1218000000        0.1093640000
       28.2681300000       -0.6294377000
       11.7505700000       -0.4449871000
  3  0   3
       21.8299600000        0.2318734000
        3.6088260000       -0.7272457000
        1.5164870000       -0.4055866000
  4  0   2
        2.5209370000        0.2202626000
        0.4093415000       -0.7163121000
  5  0   1
        0.1530953000        1.0000000000
  2  1   5
     1580.3740000000        0.0081757200
      373.0976000000        0.0625525000
      118.3523000000        0.2484745000
       42.8589600000        0.5054137000
       15.9778700000        0.3523443000
  3  1   3
        8.7533270000        0.3283504000
        3.5160330000        0.5437991000
        1.4307380000        0.2357859000
  4  1   2
        0.7091507000       -0.3244162000
        0.2656835000       -0.5395416000
  5  1   1
        0.0943995000        1.0000000000
  3  2   4
       61.5144200000        0.0595776800
       17.1619800000        0.2843781000
        5.5384710000        0.5281856000
        1.6848170000        0.4047724000
  4  2   1
        0.3620000000        1.0000000000
#
O-KRYPTON KRYPTON KR (63321/5321/41*) (DZVP) (DZVP-LDA)
 11
  1  0   6
   121095.9000000000       -0.0017062130
    18179.5000000000       -0.0130371900
     4135.0240000000       -0.0649914900
     1166.5610000000       -0.2236678000
      379.5258000000       -0.4665839000
      130.8761000000       -0.3715006000
  2  0   3
      253.4819000000        0.1097265000
       30.0462300000       -0.6301801000
       12.5257900000       -0.4442448000
  3  0   3
       23.2691000000       -0.2343607000
        3.8678870000        0.7351894000
        1.6436800000        0.3983798000
  4  0   2
        2.7904570000        0.2305767000
        0.4676485000       -0.7249465000
  5  0   1
        0.1750899000        1.0000000000
  2  1   5
     1659.8840000000       -0.0083194820
      392.5201000000       -0.0633940500
      124.8950000000       -0.2500195000
       45.4285900000       -0.5049266000
       17.0162100000       -0.3497957000
  3  1   3
        9.3987390000       -0.3290142000
        3.8150620000       -0.5438178000
        1.5717670000       -0.2324568000
  4  1   2
        0.8101745000        0.3373338000
        0.3064747000        0.5352931000
  5  1   1
        0.1093540000        1.0000000000
  3  2   4
       67.8194000000        0.0580719000
       19.0035400000        0.2812774000
        6.1890320000        0.5301052000
        1.9192990000        0.4008533000
  4  2   1
        0.4020000000        1.0000000000
#
O-RUBIDIUM RUBIDIUM RB (633321/53211*/51*) (DZVP) (DZVP-LDA)
 13
  1  0   6
   131515.1000000000       -0.0016499290
    19719.2200000000       -0.0126371900
     4474.3040000000       -0.0633842400
     1257.7510000000       -0.2201085000
      139.8153000000       -0.3774800000
      407.5170000000       -0.4659322000
  2  0   3
      267.8456000000        0.1102285000
       32.0026000000       -0.6260558000
       13.4119500000       -0.4484162000
  3  0   3
       24.6854600000       -0.2378679000
        4.1766910000        0.7312414000
        1.8093360000        0.4037899000
  4  0   3
        3.0379540000        0.2470808000
        0.5466666000       -0.7279453000
        0.2210044000       -0.4195015000
  5  0   2
        0.3007990000       -0.1476392000
        0.0377479200        0.7643571000
  6  0   1
        0.0159840000        1.0000000000
  2  1   5
     1813.8930000000        0.0079110380
      428.1581000000        0.0609081300
      135.8411000000        0.2444233000
       49.2528800000        0.5044221000
       18.4087500000        0.3577504000
  3  1   3
       10.1023800000        0.3276215000
        4.1521420000        0.5418507000
        1.7413780000        0.2329981000
  4  1   2
        0.9412337000       -0.3459701000
        0.3790904000       -0.5408154000
  5  1   1
        0.1435002000        1.0000000000
  6  1   1
        0.0358000000        1.0000000000
  3  2   5
      130.8551000000        0.0202737200
       37.9529500000        0.1266624000
       13.4673400000        0.3577686000
        4.9424750000        0.4920449000
        1.7083310000        0.2798508000
  4  2   1
        0.0600000000        1.0000000000
#
O-STRONTIUM STRONTIUM SR (633321/53211*/51*) (DZVP) (DZVP-LDA)
 13
  1  0   6
   139600.8000000000       -0.0016378320
    20926.6600000000       -0.0125498800
     4746.2280000000       -0.0630237800
     1333.3110000000       -0.2192939000
      431.6807000000       -0.4657914000
      148.0024000000       -0.3787658000
  2  0   3
      283.0652000000       -0.1105633000
       33.8934400000        0.6267329000
       14.2498300000        0.4476967000
  3  0   3
       26.2389800000       -0.2401835000
        4.4540780000        0.7407144000
        1.9483730000        0.3949994000
  4  0   3
        3.3118120000       -0.2623786000
        0.6212780000        0.7529803000
        0.2607211000        0.4020321000
  5  0   2
        0.3926312000       -0.1731545000
        0.0565242100        0.7482808000
  6  0   1
        0.0237395700        1.0000000000
  2  1   5
     1927.6130000000        0.0078538830
      455.1147000000        0.0605619100
      144.4781000000        0.2434858000
       52.4628000000        0.5039651000
       19.6517800000        0.3588853000
  3  1   3
       10.7758000000       -0.3304770000
        4.4620420000       -0.5419146000
        1.8943080000       -0.2277387000
  4  1   2
        1.0524230000        0.3723870000
        0.4402490000        0.5348795000
  5  1   1
        0.1756503000        1.0000000000
  6  1   1
        0.0463000000        1.0000000000
  3  2   5
      143.1271000000        0.0196512000
       41.6218000000        0.1241418000
       14.8367300000        0.3554270000
        5.4956660000        0.4938419000
        1.9302780000        0.2774254000
  4  2   1
        0.0920000000        1.0000000000
#
O-YTTRIUM YTTRIUM Y (633321/53211*/531*) (DZVP) (DZVP-LDA)
 14
  1  0   6
   147197.0000000000        0.0016363660
    22066.5700000000        0.0125371700
     5005.3890000000        0.0629551500
     1406.3860000000        0.2190656000
      455.5366000000        0.4655018000
      156.2832000000        0.3792505000
  2  0   3
      298.9511000000        0.1108065000
       35.7815900000       -0.6293800000
       15.0710000000       -0.4449943000
  3  0   3
       27.8417400000        0.2423388000
        4.7324400000       -0.7530983000
        2.0840820000       -0.3832947000
  4  0   3
        3.6285130000        0.2725480000
        0.6959899000       -0.7660265000
        0.2918579000       -0.3952102000
  5  0   2
        0.4247937000        0.1847383000
        0.0643254000       -0.7652465000
  6  0   1
        0.0259690300        1.0000000000
  2  1   5
     2045.5610000000       -0.0077963420
      483.0653000000       -0.0601997300
      153.4532000000       -0.2424855000
       55.7920300000       -0.5036148000
       20.9348800000       -0.3600474000
  3  1   3
       11.4475300000       -0.3352233000
        4.7602700000       -0.5433278000
        2.0395850000       -0.2195077000
  4  1   2
        1.1815300000       -0.3829897000
        0.4985617000       -0.5292642000
  5  1   1
        0.2005795000        1.0000000000
  6  1   1
        0.0535000000        1.0000000000
  3  2   5
      163.4726000000        0.0174784900
       47.6453400000        0.1139084000
       17.0656400000        0.3404451000
        6.3988710000        0.4957676000
        2.3007210000        0.2938499000
  4  2   3
        1.5022960000        0.1948034000
        0.4549400000        0.4782609000
        0.1265615000        0.5710844000
  5  2   1
        0.0285000000        1.0000000000
#
O-ZIRCONIUM ZIRCONIUM ZR (633321/53211*/531*) (DZVP) (DZVP-LDA)
 14
  1  0   6
   154759.6000000000        0.0016380190
    23203.4500000000        0.0125461900
     5264.8040000000        0.0629720500
     1479.9710000000        0.2189916000
      479.7186000000        0.4652423000
      164.7160000000        0.3794577000
  2  0   3
      314.9317000000        0.1111347000
       37.8059900000       -0.6292935000
       15.9702300000       -0.4450823000
  3  0   3
       29.4627700000        0.2448339000
        5.0379030000       -0.7607242000
        2.2358210000       -0.3767339000
  4  0   3
        3.9415220000       -0.2819639000
        0.7773542000        0.7737657000
        0.3276699000        0.3936740000
  5  0   2
        0.4766533000       -0.1852030000
        0.0742046800        0.7444872000
  6  0   1
        0.0293676900        1.0000000000
  2  1   5
     2177.7940000000       -0.0076791480
      514.1909000000       -0.0594782700
      163.3112000000       -0.2407304000
       59.3945900000       -0.5032079000
       22.3076600000       -0.3623951000
  3  1   3
       12.1746700000       -0.3374139000
        5.0974210000       -0.5433643000
        2.2052320000       -0.2153307000
  4  1   2
        1.3125040000       -0.3946016000
        0.5590442000       -0.5242979000
  5  1   1
        0.2270145000        1.0000000000
  6  1   1
        0.0596000000        1.0000000000
  3  2   5
      179.9143000000        0.0165591800
       52.5186900000        0.1097042000
       18.8702500000        0.3346995000
        7.1277750000        0.4974377000
        2.5954840000        0.2976057000
  4  2   3
        1.7662960000       -0.2067470000
        0.5527131000       -0.4956232000
        0.1594001000       -0.5352038000
  5  2   1
        0.0352000000        1.0000000000
#
O-NIOBIUM NIOBIUM NB (633321/53211*/531*) (DZVP) (DZVP-LDA)
 14
  1  0   6
   161518.4000000000        0.0016519200
    24228.1300000000        0.0126413100
     5502.1840000000        0.0633313100
     1548.8030000000        0.2196490000
      502.9506000000        0.4650191000
      173.0690000000        0.3784935000
  2  0   3
      331.4713000000       -0.1114085000
       39.8504100000        0.6303224000
       16.8719500000        0.4440367000
  3  0   3
       31.1400500000        0.2471379000
        5.3478120000       -0.7699948000
        2.3861170000       -0.3684821000
  4  0   3
        4.2712920000       -0.2895512000
        0.8601071000        0.7809393000
        0.3629884000        0.3916610000
  5  0   2
        0.5337331000        0.1868077000
        0.0828485000       -0.7251456000
  6  0   1
        0.0322134500        1.0000000000
  2  1   5
     2299.5580000000       -0.0076497630
      543.1281000000       -0.0592845900
      172.6475000000       -0.2401241000
       62.8807000000       -0.5028628000
       23.6629100000       -0.3630349000
  3  1   3
       12.9174200000       -0.3399631000
        5.4425230000       -0.5434097000
        2.3745650000       -0.2109462000
  4  1   2
        1.4516910000       -0.4021629000
        0.6228485000       -0.5202113000
  5  1   1
        0.2542567000        1.0000000000
  6  1   1
        0.0649000000        1.0000000000
  3  2   5
      194.6932000000        0.0161190600
       56.9487500000        0.1076899000
       20.5409900000        0.3317767000
        7.8193560000        0.4979379000
        2.8843400000        0.2979210000
  4  2   3
        2.0330360000       -0.2153858000
        0.6520933000       -0.5062715000
        0.1923867000       -0.5108522000
  5  2   1
        0.0417000000        1.0000000000
#
O-MOLYBDENUM MOLYBDENUM MO (633321/53211*/531*) (DZVP) (DZVP-LDA)
 14
  1  0   6
   170343.9000000000       -0.0016423390
    25548.8600000000       -0.0125710300
     5800.4890000000       -0.0630360500
     1632.0780000000       -0.2189368000
      529.7896000000       -0.4647520000
      182.2255000000       -0.3797261000
  2  0   3
      348.3332000000        0.1117018000
       41.9786000000       -0.6304345000
       17.8185200000       -0.4439242000
  3  0   3
       32.8585400000       -0.2494502000
        5.6718440000        0.7781576000
        2.5429630000        0.3614287000
  4  0   3
        4.6121480000        0.2959207000
        0.9465116000       -0.7850306000
        0.3994142000       -0.3921630000
  5  0   2
        0.5873355000       -0.1849895000
        0.0909384300        0.7054266000
  6  0   1
        0.0347531300        1.0000000000
  2  1   5
     2428.0420000000        0.0076040860
      573.5978000000        0.0589975800
      182.4291000000        0.2393360000
       66.5176500000        0.5025254000
       25.0718700000        0.3639697000
  3  1   3
       13.6790300000       -0.3427110000
        5.7958650000       -0.5434750000
        2.5476960000       -0.2065035000
  4  1   2
        1.5962690000        0.4084906000
        0.6878200000        0.5168554000
  5  1   1
        0.2814702000        1.0000000000
  6  1   1
        0.0697000000        1.0000000000
  3  2   5
      211.0408000000       -0.0155709000
       61.8225900000       -0.1051394000
       22.3657500000       -0.3280576000
        8.5687270000       -0.4987300000
        3.1940060000       -0.2998008000
  4  2   3
        2.3040400000       -0.2224302000
        0.7535422000       -0.5133561000
        0.2259020000       -0.4927812000
  5  2   1
        0.0482000000        1.0000000000
#
O-TECHNETIUM TECHNETIUM TC (633321/53211*/531*) (DZVP) (DZVP-LDA)
 14
  1  0   6
   179686.2000000000       -0.0016302120
    26943.2600000000       -0.0124839000
     6114.3030000000       -0.0626765900
     1719.2830000000       -0.2180935000
      557.7491000000       -0.4644936000
      191.7047000000       -0.3811596000
  2  0   3
      365.6066000000        0.1119961000
       44.1823200000       -0.6301375000
       18.8025000000       -0.4442314000
  3  0   3
       34.6219400000       -0.2516721000
        6.0080800000        0.7853670000
        2.7051260000        0.3553438000
  4  0   3
        4.9630140000        0.3012406000
        1.0356510000       -0.7866986000
        0.4371554000       -0.3944238000
  5  0   2
        0.6430125000       -0.1781723000
        0.0980066100        0.6757694000
  6  0   1
        0.0372164100        1.0000000000
  2  1   5
     2561.0050000000        0.0075974230
      604.8570000000        0.0582190000
      192.8162000000        0.2401994000
       69.5182400000        0.5084689000
       26.2105800000        0.3577400000
  3  1   3
      107.0895000000       -0.0237932400
       12.2376100000        0.4952180000
        4.4912120000        0.5812542000
  4  1   2
        1.8484030000       -0.3817962000
        0.7711282000       -0.5436058000
  5  1   1
        0.3106871000        1.0000000000
  6  1   1
        0.0765000000        1.0000000000
  3  2   5
      228.8373000000       -0.0149656900
       67.1657600000       -0.1020690000
       24.3762200000       -0.3231163000
        9.3936150000       -0.4993646000
        3.5347230000       -0.3038108000
  4  2   3
        2.6524980000       -0.2211562000
        0.8949099000       -0.5106990000
        0.2768870000       -0.4875796000
  5  2   1
        0.0646000000        1.0000000000
#
O-RUTHENIUM RUTHENIUM RU (633321/53211*/531*) (DZVP) (DZVP-LDA)
 14
  1  0   6
   188363.7000000000       -0.0016283120
    28246.1540000000       -0.0124679900
     6410.4568000000       -0.0625987900
     1802.7696000000       -0.2178482000
      584.9981000000       -0.4642662000
      201.1428000000       -0.3816352000
  2  0   3
      383.3629200000       -0.1122513000
       46.4090990000        0.6306301000
       19.7924360000        0.4437351000
  3  0   3
       36.4371760000       -0.2538160000
        6.3516227000        0.7935927000
        2.8675119000        0.3482381000
  4  0   3
        5.3311415000        0.3056042000
        1.1272716000       -0.7880834000
        0.4757767000       -0.3962728000
  5  0   2
        0.7097161000        0.1743661000
        0.1018585000       -0.6666011000
  6  0   1
        0.0383627200        1.0000000000
  2  1   5
     2680.7499000000       -0.0076318760
      633.2076000000       -0.0584876100
      201.9999500000       -0.2409453000
       72.9651370000       -0.5083815000
       27.5911420000       -0.3564023000
  3  1   3
      112.3755400000        0.0239537500
       12.9704940000       -0.4959182000
        4.8000426000       -0.5795846000
  4  1   2
        2.0022824000        0.3909478000
        0.8344804000        0.5399433000
  5  1   1
        0.3368239000        1.0000000000
  6  1   1
        0.0820000000        1.0000000000
  3  2   5
      244.4694000000       -0.0147564300
       71.8275800000       -0.1012469000
       26.1354500000       -0.3221165000
       10.1320500000       -0.4992598000
        3.8536070000       -0.3026771000
  4  2   3
        2.9851000000        0.2221427000
        1.0287510000        0.5099612000
        0.3246385000        0.4817461000
  5  2   1
        0.0787000000        1.0000000000
#
O-RHODIUM RHODIUM RH (633321/53211*/531*) (DZVP) (DZVP-LDA)
 14
  1  0   6
   194399.5000000000       -0.0016557220
    29173.2000000000       -0.0126592000
     6630.9120000000       -0.0633416000
     1869.1160000000       -0.2193329000
      608.3513000000       -0.4641347000
      209.9202000000       -0.3793139000
  2  0   3
      401.6496000000       -0.1124641000
       48.6571200000        0.6320221000
       20.7838600000        0.4423307000
  3  0   3
       38.3018700000       -0.2558484000
        6.7034660000        0.8020183000
        3.0313650000        0.3409033000
  4  0   3
        5.7142600000        0.3090720000
        1.2196850000       -0.7913780000
        0.5131544000       -0.3956822000
  5  0   2
        0.7792284000        0.1731067000
        0.1052762000       -0.6552429000
  6  0   1
        0.0394174000        1.0000000000
  2  1   5
     2807.5200000000       -0.0076444680
      663.5760000000       -0.0585284000
      211.9429000000       -0.2409256000
       76.6776200000       -0.5081233000
       29.0603000000       -0.3562086000
  3  1   3
      117.8644000000        0.0241240700
       13.7192200000       -0.4969291000
        5.1161390000       -0.5776992000
  4  1   2
        2.1636270000        0.3979395000
        0.9017759000        0.5361914000
  5  1   1
        0.3647145000        1.0000000000
  6  1   1
        0.0882000000        1.0000000000
  3  2   5
      263.3566000000       -0.0142686300
       77.3886400000       -0.0990217900
       28.1976500000       -0.3190027000
       10.9766900000       -0.4999267000
        4.2068090000       -0.3046989000
  4  2   3
        3.3322710000        0.2221471000
        1.1672180000        0.5096083000
        0.3733267000        0.4779061000
  5  2   1
        0.0924000000        1.0000000000
#
O-PALLADIUM PALLADIUM PD (633321/53211*/531*) (DZVP) (DZVP-LDA)
 14
  1  0   6
   207193.1000000000        0.0016165890
    31063.7700000000        0.0123821600
     7047.7500000000        0.0622323000
     1981.2000000000        0.2169219000
      642.7534000000        0.4638187000
      220.9533000000        0.3832771000
  2  0   3
      420.0886000000        0.1127446000
       51.0438400000       -0.6311858000
       21.8601200000       -0.4431819000
  3  0   3
       40.2013400000        0.2579690000
        7.0760010000       -0.8079526000
        3.2086930000       -0.3361730000
  4  0   3
        6.1041970000       -0.3123386000
        1.3179250000        0.7911463000
        0.5534537000        0.3986219000
  5  0   2
        0.8233603000       -0.1623037000
        0.1088226000        0.6448050000
  6  0   1
        0.0401267600        1.0000000000
  2  1   5
     2972.4210000000       -0.0075090770
      702.1149000000       -0.0577011300
      224.0646000000       -0.2390153000
       81.0236800000       -0.5076466000
       30.7253100000       -0.3589804000
  3  1   3
      123.2597000000        0.0242358400
       14.5119300000       -0.4968331000
        5.4488290000       -0.5770064000
  4  1   2
        2.3322950000        0.4036794000
        0.9711259000        0.5333648000
  5  1   1
        0.3928289000        1.0000000000
  6  1   1
        0.0904000000        1.0000000000
  3  2   5
      282.6719000000        0.0138308800
       83.1651000000        0.0968326700
       30.3585400000        0.3155661000
       11.8627500000        0.5007092000
        4.5710020000        0.3072451000
  4  2   3
        3.5936520000        0.2314603000
        1.2599730000        0.5150304000
        0.4004196000        0.4655096000
  5  2   1
        0.0952000000        1.0000000000
#
O-SILVER SILVER AG (633321/53211*/531*) (DZVP) (DZVP-LDA)
 14
  1  0   6
   215086.1000000000       -0.0016282000
    32258.5900000000       -0.0124620700
     7324.3640000000       -0.0625339200
     2061.3100000000       -0.2174846000
      669.7476000000       -0.4636648000
      230.6433000000       -0.3824311000
  2  0   3
      439.1541000000        0.1129571000
       53.4219400000       -0.6320099000
       22.9168500000       -0.4423542000
  3  0   3
       42.1564100000       -0.2599066000
        7.4525890000        0.8150261000
        3.3834740000        0.3302085000
  4  0   3
        6.5120310000        0.3148473000
        1.4164640000       -0.7927725000
        0.5931208000       -0.3990682000
  5  0   2
        0.8927631000       -0.1610001000
        0.1107510000        0.6415571000
  6  0   1
        0.0406475400        1.0000000000
  2  1   5
     3110.4580000000        0.0075053880
      735.0494000000        0.0576511500
      234.7803000000        0.2388160000
       85.0022300000        0.5073984000
       32.2947900000        0.3590847000
  3  1   3
      128.9916000000       -0.0243955000
       15.3032100000        0.4978926000
        5.7835900000        0.5752186000
  4  1   2
        2.5052560000       -0.4091123000
        1.0423260000       -0.5303257000
  5  1   1
        0.4217877000        1.0000000000
  6  1   1
        0.0986000000        1.0000000000
  3  2   5
      310.2736000000       -0.0128080400
       91.1443400000       -0.0917817100
       33.2196200000       -0.3079296000
       12.9831500000       -0.5026952000
        5.0137570000       -0.3158562000
  4  2   3
        3.9789800000        0.2289408000
        1.4220410000        0.5106596000
        0.4626039000        0.4660628000
  5  2   1
        0.1162000000        1.0000000000
#
O-CADMIUM CADMIUM CD (633321/53211*/531*) (DZVP) (DZVP-LDA)
 14
  1  0   6
   225379.5000000000        0.0016193720
    33798.1600000000        0.0123976500
     7671.6420000000        0.0622656100
     2158.1270000000        0.2168328000
      700.9316000000        0.4634149000
      241.2650000000        0.3835714000
  2  0   3
      458.5346000000        0.1131940000
       55.8940800000       -0.6318382000
       24.0314400000       -0.4425207000
  3  0   3
       44.1498100000        0.2619017000
        7.8498520000       -0.8197565000
        3.5739410000       -0.3266451000
  4  0   3
        6.9148480000       -0.3193036000
        1.5269950000        0.7908449000
        0.6491530000        0.4036859000
  5  0   2
        0.9796368000       -0.1689889000
        0.1350007000        0.6392561000
  6  0   1
        0.0492193000        1.0000000000
  2  1   5
     3286.5490000000       -0.0073707150
      776.7266000000       -0.0567258300
      248.0699000000       -0.2363825000
       89.7721400000       -0.5066776000
       34.1129000000       -0.3626949000
  3  1   3
      134.6657000000        0.0245167900
       16.1428500000       -0.4976483000
        6.1401880000       -0.5747280000
  4  1   2
        2.6903110000        0.4131505000
        1.1263600000        0.5299429000
  5  1   1
        0.4618970000        1.0000000000
  6  1   1
        0.1124000000        1.0000000000
  3  2   5
      323.8785000000        0.0130333300
       95.5148200000        0.0926147100
       35.0133600000        0.3085042000
       13.7870600000        0.5011372000
        5.3857300000        0.3132880000
  4  2   3
        4.4592180000        0.2229832000
        1.6378360000        0.5118175000
        0.5551158000        0.4588206000
  5  2   1
        0.1478000000        1.0000000000
#
O-INDIUM INDIUM IN (633321/53321/531*) (DZVP) (DZVP-LDA)
 14
  1  0   6
   235861.1000000000       -0.0016114340
    35365.2800000000       -0.0123398600
     8025.2590000000       -0.0620238000
     2256.7680000000       -0.2162406000
      732.7354000000       -0.4631674000
      252.1152000000       -0.3846192000
  2  0   3
      478.3768000000       -0.1134149000
       58.4086500000        0.6319863000
       25.1660700000        0.4423582000
  3  0   3
       46.2063000000       -0.2637462000
        8.2521930000        0.8257003000
        3.7616340000        0.3217874000
  4  0   3
        7.3377250000        0.3232703000
        1.6380030000       -0.7913041000
        0.7077128000       -0.4052935000
  5  0   2
        1.0796190000        0.1916757000
        0.1634650000       -0.6769691000
  6  0   1
        0.0608676300        1.0000000000
  2  1   5
     3433.6410000000       -0.0073652710
      811.3152000000       -0.0567455900
      259.1488000000       -0.2365663000
       93.8918500000       -0.5064242000
       35.7711100000       -0.3623433000
  3  1   3
      140.4103000000        0.0246721900
       17.0227800000       -0.4965323000
        6.5292810000       -0.5748598000
  4  1   3
        2.8859790000        0.4151222000
        1.2195440000        0.5279892000
        0.5152136000        0.1471352000
  5  1   2
        0.2732522000       -0.2392050000
        0.0989724500       -0.5637124000
  6  1   1
        0.0351330300        1.0000000000
  3  2   5
      337.4853000000        0.0132700700
       99.5706600000        0.0942482500
       36.5966300000        0.3109702000
       14.4992000000        0.5004293000
        5.6939460000        0.3084717000
  4  2   3
        4.3763220000        0.2713087000
        1.5233570000        0.5554482000
        0.4783456000        0.3858803000
  5  2   1
        0.1270000000        1.0000000000
#
O-TIN TIN SN (633321/53321/531*) (DZVP) (DZVP-LDA)
 14
  1  0   6
   245047.4000000000       -0.0016161520
    36750.0300000000       -0.0123711300
     8342.7730000000       -0.0621339500
     2347.4720000000       -0.2163977000
      762.8362000000       -0.4629749000
      262.7379000000       -0.3844478000
  2  0   3
      498.7328000000       -0.1136052000
       60.9504600000        0.6327182000
       26.3056100000        0.4416086000
  3  0   3
       48.3039100000       -0.2655359000
        8.6671440000        0.8308896000
        3.9564690000        0.3176724000
  4  0   3
        7.7681450000       -0.3275765000
        1.7526840000        0.7939469000
        0.7702961000        0.4049341000
  5  0   2
        1.2005160000       -0.2148420000
        0.1947026000        0.7026114000
  6  0   1
        0.0742740500        1.0000000000
  2  1   5
     3581.6970000000       -0.0073658750
      846.7443000000       -0.0567096600
      270.7321000000       -0.2363375000
       98.2183700000       -0.5060284000
       37.4960700000       -0.3626046000
  3  1   3
      146.3434000000        0.0248183600
       17.9099600000       -0.4961926000
        6.9164130000       -0.5744256000
  4  1   3
        3.0806010000        0.4193038000
        1.3119680000        0.5289038000
        0.5586859000        0.1391701000
  5  1   2
        0.3009037000       -0.2999250000
        0.1154273000       -0.5615155000
  6  1   1
        0.0434032900        1.0000000000
  3  2   5
      354.2403000000       -0.0132981600
      104.7107000000       -0.0943270300
       38.6067200000       -0.3110782000
       15.3717900000       -0.4995839000
        6.0921830000       -0.3069138000
  4  2   3
        4.8471990000       -0.2664558000
        1.7287560000       -0.5581614000
        0.5654283000       -0.3761592000
  5  2   1
        0.1540000000        1.0000000000
#
O-ANTIMONY ANTIMONY SB (633321/53321/531*) (DZVP) (DZVP-LDA)
 14
  1  0   6
   256073.3000000000        0.0016078340
    38397.8200000000        0.0123108200
     8714.3420000000        0.0618821700
     2451.0520000000        0.2157809000
      796.1924000000        0.4627403000
      274.0908000000        0.3855250000
  2  0   3
      519.3217000000       -0.1138273000
       63.6010700000        0.6323345000
       27.5109700000        0.4419875000
  3  0   3
       50.4449700000       -0.2673314000
        9.0971560000        0.8351707000
        4.1604910000        0.3144869000
  4  0   3
        8.2092770000        0.3319585000
        1.8705090000       -0.7985220000
        0.8347906000       -0.4027937000
  5  0   2
        1.3261740000       -0.2342429000
        0.2273737000        0.7214225000
  6  0   1
        0.0877769100        1.0000000000
  2  1   5
     3762.0540000000        0.0072734840
      889.0881000000        0.0561261100
      284.1540000000        0.2349295000
      103.0729000000        0.5055388000
       39.3842200000        0.3646855000
  3  1   3
      152.3160000000        0.0249555500
       18.8305700000       -0.4954616000
        7.3182700000       -0.5744357000
  4  1   3
        3.2844080000       -0.4228412000
        1.4113930000       -0.5285978000
        0.6081457000       -0.1331447000
  5  1   2
        0.3496818000       -0.3212522000
        0.1392780000       -0.5534051000
  6  1   1
        0.0540262100        1.0000000000
  3  2   5
      381.5766000000        0.0126400600
      112.7069000000        0.0910124600
       41.5310300000        0.3060604000
       16.5461100000        0.5007823000
        6.5775020000        0.3123228000
  4  2   3
        5.3229520000        0.2628088000
        1.9379670000        0.5602120000
        0.6551829000        0.3682019000
  5  2   1
        0.1820000000        1.0000000000
#
O-TELLURIUM TELLURIUM TE (633321/53321/531*) (DZVP) (DZVP-LDA)
 14
  1  0   6
   265467.0000000000       -0.0016137180
    39815.8600000000       -0.0123501600
     9040.2230000000       -0.0620254400
     2544.4470000000       -0.2160078000
      827.3165000000       -0.4625615000
      285.1168000000       -0.3852361000
  2  0   3
      540.4512000000        0.1140163000
       66.2705500000       -0.6327133000
       28.7163800000       -0.4415960000
  3  0   3
       52.6375900000        0.2690376000
        9.5365950000       -0.8396225000
        4.3672870000       -0.3110886000
  4  0   3
        8.6619850000       -0.3363394000
        1.9915550000        0.8048105000
        0.9007850000        0.3990575000
  5  0   2
        1.4550910000        0.2495512000
        0.2602148000       -0.7386960000
  6  0   1
        0.1019078000        1.0000000000
  2  1   5
     3950.2180000000       -0.0071736750
      933.9327000000       -0.0554098200
      298.4950000000       -0.2330318000
      108.2418000000       -0.5049013000
       41.3777600000       -0.3675117000
  3  1   3
      158.4660000000       -0.0250989000
       19.7717500000        0.4949100000
        7.7301180000        0.5743178000
  4  1   3
        3.4938160000        0.4266005000
        1.5153000000        0.5276961000
        0.6596169000        0.1277185000
  5  1   2
        0.4064418000        0.3387827000
        0.1625345000        0.5418624000
  6  1   1
        0.0622456300        1.0000000000
  3  2   5
      405.1688000000       -0.0123197300
      119.7824000000       -0.0892846700
       44.1813300000       -0.3034428000
       17.6361000000       -0.5012430000
        7.0441620000       -0.3144661000
  4  2   3
        5.8214670000       -0.2586291000
        2.1579560000       -0.5622119000
        0.7487736000       -0.3625221000
  5  2   1
        0.2120000000        1.0000000000
#
O-IODINE IODINE I (633321/53321/531*) (DZVP) (DZVP-LDA)
 14
  1  0   6
   274845.5000000000       -0.0016207420
    41233.1900000000       -0.0123975800
     9366.7330000000       -0.0622007300
     2638.4080000000       -0.2162938000
      858.7744000000       -0.4623949000
      296.3025000000       -0.3848417000
  2  0   3
      561.8372000000        0.1142284000
       69.0401500000       -0.6322910000
       29.9806300000       -0.4420179000
  3  0   3
       54.8696800000       -0.2707986000
        9.9954590000        0.8426472000
        4.5888680000        0.3091657000
  4  0   3
        9.1208260000       -0.3410223000
        2.1196790000        0.8100650000
        0.9708925000        0.3967537000
  5  0   2
        1.5879960000        0.2629711000
        0.2953356000       -0.7510412000
  6  0   1
        0.1164016000        1.0000000000
  2  1   5
     4089.4550000000       -0.0072365510
      967.0336000000       -0.0558390400
      309.4421000000       -0.2340242000
      112.4589000000       -0.5047018000
       43.1185900000       -0.3659633000
  3  1   3
      164.6462000000       -0.0252330400
       20.7365800000        0.4944192000
        8.1558300000        0.5741462000
  4  1   3
        3.7104870000        0.4299955000
        1.6249990000        0.5262371000
        0.7146215000        0.1234062000
  5  1   2
        0.4628192000        0.3537251000
        0.1864312000        0.5355831000
  6  1   1
        0.0714834900        1.0000000000
  3  2   5
      417.5032000000       -0.0127251500
      123.6148000000       -0.0915211700
       45.7790400000       -0.3070988000
       18.3916600000       -0.4996397000
        7.4217930000       -0.3083066000
  4  2   3
        6.2738590000       -0.2593005000
        2.3594150000       -0.5650765000
        0.8377966000       -0.3523694000
  5  2   1
        0.2440000000        1.0000000000
#
O-XENON XENON XE (633321/53321/531*) (DZVP) (DZVP-LDA)
 14
  1  0   6
   287346.9000000000        0.0016070790
    43095.3000000000        0.0123001200
     9784.1290000000        0.0618024800
     2753.6380000000        0.2153881000
      895.4392000000        0.4621485000
      308.6237000000        0.3863971000
  2  0   3
      583.9561000000       -0.1143846000
       71.7851100000        0.6332253000
       31.2157000000        0.4410587000
  3  0   3
       57.1718900000       -0.2722831000
       10.4504200000        0.8478492000
        4.7963430000        0.3049036000
  4  0   3
        9.6014040000       -0.3450485000
        2.2451450000        0.8196190000
        1.0382430000        0.3896311000
  5  0   2
        1.7261290000        0.2745400000
        0.3319892000       -0.7609475000
  6  0   1
        0.1311516000        1.0000000000
  2  1   5
     4259.5720000000        0.0072161500
     1007.4760000000        0.0556817400
      322.5573000000        0.2335722000
      117.3066000000        0.5044039000
       45.0438500000        0.3665276000
  3  1   3
      171.1608000000       -0.0253922900
       21.7103600000        0.4944531000
        8.5862720000        0.5735099000
  4  1   3
        3.9278210000       -0.4347689000
        1.7347250000       -0.5241963000
        0.7693813000       -0.1184808000
  5  1   2
        0.5217671000        0.3639488000
        0.2123886000        0.5302511000
  6  1   1
        0.0817808500        1.0000000000
  3  2   5
      443.5452000000       -0.0123277600
      131.5612000000       -0.0891626600
       19.6601200000       -0.4998401000
       48.8163900000       -0.3025428000
        7.9564420000       -0.3134045000
  4  2   3
        6.8245390000       -0.2537549000
        2.6049770000       -0.5660708000
        0.9422192000       -0.3511077000
  5  2   1
        0.2750000000        1.0000000000
#
