#           - ECP|HW, LANL2DZ and ECP|LANL2DZ 
#             Hartree-Fock ECP BASIS from Hay & Wadt
#             Los Alamos National Laboratory
#             ECP|HW     : (K-Cu)
#             LANL2DZ    : (H,Li-Ne)
#             ECP|LANL2DZ: (Na-Kr)
#             (04.09.04, Roberto Flores-Moreno)
#             Lit.: J. Chem. Phys. 82, 270, 284 & 299 (1985)
#             http://www.emsl.pnl.gov/forms/basisform.html
#
#           - QECP|HW and QECP|LANL2DZ 
#             Quasirelativistic Hartree-Fock ECP BASIS from Hay & Wadt
#             Los Alamos National Laboratory
#             QECP|HW     : (Rb-Ag, Cs-La, Hf-Au)
#             QECP|LANL2DZ: (Rb-La, Hf-Au, Pb-Bi, U-Pu)
#             (04.09.04, Roberto Flores-Moreno)
#             Lit.: J. Chem. Phys. 82, 270, 284 & 299 (1985)
#             http://www.emsl.pnl.gov/forms/basisform.html
#
################################################################################
#
HYDROGEN H (LANL2DZ)
  2
  1  0   3
       19.2384000000        0.0328280000
        2.8987000000        0.2312040000
        0.6535000000        0.8172260000
  2  0   1
        0.1776000000        1.0000000000
#
LITHIUM LI (LANL2DZ)
  5
  1  0   7
      921.3000000000        0.0013670000
      138.7000000000        0.0104250000
       31.9400000000        0.0498590000
        9.3530000000        0.1607010000
        3.1580000000        0.3446040000
        1.1570000000        0.4251970000
        0.4446000000        0.1694680000
  2  0   2
        0.4446000000       -0.2223110000
        0.0766600000        1.1164770000
  3  0   1
        0.0286400000        1.0000000000
  2  1   3
        1.4880000000        0.0387700000
        0.2667000000        0.2362570000
        0.0720100000        0.8304480000
  3  1   1
        0.0237000000        1.0000000000
#
BERYLLIUM BE (LANL2DZ)
  5
  1  0   7
     1741.0000000000        0.0013050000
      262.1000000000        0.0099550000
       60.3300000000        0.0480310000
       17.6200000000        0.1585770000
        5.9330000000        0.3513250000
        2.1850000000        0.4270060000
        0.8590000000        0.1604900000
  2  0   2
        2.1850000000       -0.1852940000
        0.1806000000        1.0570140000
  3  0   1
        0.0583500000        1.0000000000
  2  1   4
        6.7100000000        0.0163780000
        1.4420000000        0.0915530000
        0.4103000000        0.3414690000
        0.1397000000        0.6854280000
  3  1   1
        0.0492200000        1.0000000000
#
BORON B (LANL2DZ)
  5
  1  0   7
     2788.0000000000        0.0012880000
      419.0000000000        0.0098350000
       96.4700000000        0.0476480000
       28.0700000000        0.1600690000
        9.3760000000        0.3628940000
        3.4060000000        0.4335820000
        1.3060000000        0.1400820000
  2  0   2
        3.4060000000       -0.1793300000
        0.3245000000        1.0625940000
  3  0   1
        0.1022000000        1.0000000000
  2  1   4
       11.3400000000        0.0179880000
        2.4360000000        0.1103430000
        0.6836000000        0.3830720000
        0.2134000000        0.6478950000
  3  1   1
        0.0701100000        1.0000000000
#
CARBON C (LANL2DZ)
  5
  1  0   7
     4233.0000000000        0.0012200000
      634.9000000000        0.0093420000
      146.1000000000        0.0454520000
       42.5000000000        0.1546570000
       14.1900000000        0.3588660000
        5.1480000000        0.4386320000
        1.9670000000        0.1459180000
  2  0   2
        5.1480000000       -0.1683670000
        0.4962000000        1.0600910000
  3  0   1
        0.1533000000        1.0000000000
  2  1   4
       18.1600000000        0.0185390000
        3.9860000000        0.1154360000
        1.1430000000        0.3861880000
        0.3594000000        0.6401140000
  3  1   1
        0.1146000000        1.0000000000
#
NITROGEN N (LANL2DZ)
  5
  1  0   7
     5909.0000000000        0.0011900000
      887.5000000000        0.0090990000
      204.7000000000        0.0441450000
       59.8400000000        0.1504640000
       20.0000000000        0.3567410000
        7.1930000000        0.4465330000
        2.6860000000        0.1456030000
  2  0   2
        7.1930000000       -0.1604050000
        0.7000000000        1.0582150000
  3  0   1
        0.2133000000        1.0000000000
  2  1   4
       26.7900000000        0.0182540000
        5.9560000000        0.1164610000
        1.7070000000        0.3901780000
        0.5314000000        0.6371020000
  3  1   1
        0.1654000000        1.0000000000
#
OXYGEN O (LANL2DZ)
  5
  1  0   7
     7817.0000000000        0.0011760000
     1176.0000000000        0.0089680000
      273.2000000000        0.0428680000
       81.1700000000        0.1439300000
       27.1800000000        0.3556300000
        9.5320000000        0.4612480000
        3.4140000000        0.1402060000
  2  0   2
        9.5320000000       -0.1541530000
        0.9398000000        1.0569140000
  3  0   1
        0.2846000000        1.0000000000
  2  1   4
       35.1800000000        0.0195800000
        7.9040000000        0.1242000000
        2.3050000000        0.3947140000
        0.7171000000        0.6273760000
  3  1   1
        0.2137000000        1.0000000000
#
FLUORINE F (LANL2DZ)
  5
  1  0   7
     9995.0000000000        0.0011600000
     1506.0000000000        0.0088700000
      350.3000000000        0.0423800000
      104.1000000000        0.1429290000
       34.8400000000        0.3553720000
       12.2200000000        0.4620850000
        4.3690000000        0.1408480000
  2  0   2
       12.2200000000       -0.1484520000
        1.2080000000        1.0552700000
  3  0   1
        0.3634000000        1.0000000000
  2  1   4
       44.3600000000        0.0208760000
       10.0800000000        0.1301070000
        2.9960000000        0.3961660000
        0.9383000000        0.6204040000
  3  1   1
        0.2733000000        1.0000000000
#
NEON NE (LANL2DZ)
  5
  1  0   7
    12100.0000000000        0.0012000000
     1821.0000000000        0.0090920000
      432.8000000000        0.0413050000
      132.5000000000        0.1378670000
       43.7700000000        0.3624330000
       14.9100000000        0.4722470000
        5.1270000000        0.1300350000
  2  0   2
       14.9100000000       -0.1408100000
        1.4910000000        1.0533270000
  3  0   1
        0.4468000000        1.0000000000
  2  1   4
       56.4500000000        0.0208750000
       12.9200000000        0.1300320000
        3.8650000000        0.3956790000
        1.2030000000        0.6214500000
  3  1   1
        0.3444000000        1.0000000000
#
SODIUM NA (ECP|LANL2DZ)
  4
  3  0   2
        0.4972000000       -0.2753574000
        0.0560000000        1.0989969000
  4  0   1
        0.0221000000        1.0000000000
  3  1   2
        0.6697000000       -0.0683845000
        0.0636000000        1.0140550000
  4  1   1
        0.0204000000        1.0000000000
#
MAGNESIUM MG (ECP|LANL2DZ)
  4
  3  0   2
        0.7250000000       -0.4058454000
        0.1112000000        1.1688704000
  4  0   1
        0.0404000000        1.0000000000
  3  1   2
        1.2400000000       -0.0749753000
        0.1346000000        1.0178183000
  4  1   1
        0.0422000000        1.0000000000
#
ALUMINIUM AL (ECP|LANL2DZ)
  4
  3  0   2
        0.9615000000       -0.5021546000
        0.1819000000        1.2342547000
  4  0   1
        0.0657000000        1.0000000000
  3  1   2
        1.9280000000       -0.0712584000
        0.2013000000        1.0162966000
  4  1   1
        0.0580000000        1.0000000000
#
SILICON SI (ECP|LANL2DZ)
  4
  3  0   2
        1.2220000000       -0.5707339000
        0.2595000000        1.2823826000
  4  0   1
        0.0931000000        1.0000000000
  3  1   2
        2.5800000000       -0.0777250000
        0.2984000000        1.0197870000
  4  1   1
        0.0885000000        1.0000000000
#
PHOSPHORUS P (ECP|LANL2DZ)
  4
  3  0   2
        1.5160000000       -0.5862089000
        0.3369000000        1.2994376000
  4  0   1
        0.1211000000        1.0000000000
  3  1   2
        3.7050000000       -0.0691472000
        0.3934000000        1.0161988000
  4  1   1
        0.1190000000        1.0000000000
#
SULFUR S (ECP|LANL2DZ)
  4
  3  0   2
        1.8500000000       -0.5324335000
        0.4035000000        1.2763801000
  4  0   1
        0.1438000000        1.0000000000
  3  1   2
        4.9450000000       -0.0608116000
        0.4870000000        1.0132686000
  4  1   1
        0.1379000000        1.0000000000
#
CHLORINE CL (ECP|LANL2DZ)
  4
  3  0   2
        2.2310000000       -0.4900589000
        0.4720000000        1.2542684000
  4  0   1
        0.1631000000        1.0000000000
  3  1   2
        6.2960000000       -0.0635641000
        0.6333000000        1.0141355000
  4  1   1
        0.1819000000        1.0000000000
#
ARGON AR (ECP|LANL2DZ)
  4
  3  0   2
        2.6130000000       -0.5110463000
        0.5736000000        1.2701236000
  4  0   1
        0.2014000000        1.0000000000
  3  1   2
        7.8600000000       -0.0555167000
        0.7387000000        1.0115982000
  4  1   1
        0.2081000000        1.0000000000
#
POTASSIUM K (ECP|LANL2DZ)
  6
  3  0   3
        3.0720000000       -0.3083067000
        0.6752000000        0.7820711000
        0.2545000000        0.4142883000
  4  0   4
        3.0720000000        0.1894087000
        0.6752000000       -0.5472332000
        0.2545000000       -0.7576458000
        0.0529000000        0.9952157000
  5  0   1
        0.0209000000        1.0000000000
  3  1   3
        8.2330000000       -0.0419919000
        0.9526000000        0.5776819000
        0.3013000000        0.5234611000
  4  1   1
        0.0376000000        1.0000000000
  5  1   1
        0.0140000000        1.0000000000
#
CALCIUM CA (ECP|LANL2DZ)
  6
  3  0   3
        3.4840000000       -0.3337370000
        0.8551000000        0.7589831000
        0.3192000000        0.4606109000
  4  0   4
        3.4840000000        0.2606030000
        0.8551000000       -0.6839150000
        0.3192000000       -1.1987807000
        0.1447000000        1.0251221000
  5  0   1
        0.0350000000        1.0000000000
  3  1   3
        9.4200000000       -0.0436943000
        1.1500000000        0.6034747000
        0.3688000000        0.4961107000
  4  1   1
        0.0705000000        1.0000000000
  5  1   1
        0.0263000000        1.0000000000
#
SCANDIUM SC (ECP|LANL2DZ)
  8
  3  0   3
        3.7170000000       -0.3926292000
        1.0970000000        0.7147339000
        0.4164000000        0.5509400000
  4  0   4
        3.7170000000        0.2197446000
        1.0970000000       -0.4546067000
        0.4164000000       -0.6938181000
        0.0761000000        1.1260172000
  5  0   1
        0.0284000000        1.0000000000
  3  1   3
       10.4000000000       -0.0492615000
        1.3110000000        0.6071965000
        0.4266000000        0.4917582000
  4  1   1
        0.0470000000        1.0000000000
  5  1   1
        0.0140000000        1.0000000000
  3  2   4
       15.1300000000        0.0379291000
        4.2050000000        0.1738360000
        1.3030000000        0.4268057000
        0.3680000000        0.6238539000
  4  2   1
        0.0812000000        1.0000000000
#
TITANIUM TI (ECP|LANL2DZ)
  8
  3  0   3
        4.3720000000       -0.3637098000
        1.0980000000        0.8184533000
        0.4178000000        0.4184526000
  4  0   4
        4.3720000000        0.2049027000
        1.0980000000       -0.5575413000
        0.4178000000       -0.5893652000
        0.0872000000        1.1451661000
  5  0   1
        0.0314000000        1.0000000000
  3  1   3
       12.5200000000       -0.0456908000
        1.4910000000        0.6203313000
        0.4859000000        0.4765329000
  4  1   1
        0.0530000000        1.0000000000
  5  1   1
        0.0160000000        1.0000000000
  3  2   4
       20.2100000000        0.0341682000
        5.4950000000        0.1710006000
        1.6990000000        0.4405849000
        0.4840000000        0.6114246000
  4  2   1
        0.1157000000        1.0000000000
#
VANADIUM V (ECP|LANL2DZ)
  8
  3  0   3
        4.5900000000       -0.4277302000
        1.4930000000        0.7069691000
        0.5570000000        0.5895813000
  4  0   4
        4.5900000000        0.2501081000
        1.4930000000       -0.4697777000
        0.5570000000       -0.7129415000
        0.0975000000        1.1006569000
  5  0   1
        0.0342000000        1.0000000000
  3  1   3
       13.7600000000       -0.0482312000
        1.7120000000        0.6141161000
        0.5587000000        0.4838342000
  4  1   1
        0.0590000000        1.0000000000
  5  1   1
        0.0180000000        1.0000000000
  3  2   4
       25.7000000000        0.0331033000
        6.5300000000        0.1795753000
        2.0780000000        0.4373062000
        0.6243000000        0.5984860000
  4  2   1
        0.1542000000        1.0000000000
#
CHROMIUM CR (ECP|LANL2DZ)
  8
  3  0   3
        5.3610000000       -0.3805689000
        1.4490000000        0.7795625000
        0.5496000000        0.4730777000
  4  0   4
        5.3610000000        0.2203111000
        1.4490000000       -0.5423391000
        0.5496000000       -0.6047716000
        0.1052000000        1.1136657000
  5  0   1
        0.0364000000        1.0000000000
  3  1   3
       16.4200000000       -0.0461397000
        1.9140000000        0.6109965000
        0.6241000000        0.4859635000
  4  1   1
        0.0630000000        1.0000000000
  5  1   1
        0.0190000000        1.0000000000
  3  2   4
       28.9500000000        0.0337787000
        7.7080000000        0.1780345000
        2.4950000000        0.4370008000
        0.7655000000        0.5941795000
  4  2   1
        0.1889000000        1.0000000000
#
MANGANESE MN (ECP|LANL2DZ)
  8
  3  0   3
        5.9140000000       -0.3764508000
        1.6050000000        0.7724789000
        0.6260000000        0.4769346000
  4  0   4
        5.9140000000        0.2119966000
        1.6050000000       -0.5199472000
        0.6260000000       -0.5857681000
        0.1115000000        1.1003964000
  5  0   1
        0.0380000000        1.0000000000
  3  1   3
       18.2000000000       -0.0447901000
        2.1410000000        0.6260311000
        0.7009000000        0.4696329000
  4  1   1
        0.0690000000        1.0000000000
  5  1   1
        0.0210000000        1.0000000000
  3  2   4
       32.2700000000        0.0341580000
        8.8750000000        0.1761105000
        2.8900000000        0.4394298000
        0.8761000000        0.5943271000
  4  2   1
        0.2120000000        1.0000000000
#
IRON FE (ECP|LANL2DZ)
  8
  3  0   3
        6.4220000000       -0.3927882000
        1.8260000000        0.7712643000
        0.7135000000        0.4920228000
  4  0   4
        6.4220000000        0.1786877000
        1.8260000000       -0.4194032000
        0.7135000000       -0.4568185000
        0.1021000000        1.1035048000
  5  0   1
        0.0363000000        1.0000000000
  3  1   3
       19.4800000000       -0.0470282000
        2.3890000000        0.6248841000
        0.7795000000        0.4722542000
  4  1   1
        0.0740000000        1.0000000000
  5  1   1
        0.0220000000        1.0000000000
  3  2   4
       37.0800000000        0.0329000000
       10.1000000000        0.1787418000
        3.2200000000        0.4487657000
        0.9628000000        0.5876361000
  4  2   1
        0.2262000000        1.0000000000
#
COBALT CO (ECP|LANL2DZ)
  8
  3  0   3
        7.1760000000       -0.3856734000
        2.0090000000        0.7453116000
        0.8055000000        0.5091819000
  4  0   4
        7.1760000000        0.1736161000
        2.0090000000       -0.3970442000
        0.8055000000       -0.4630622000
        0.1070000000        1.0899654000
  5  0   1
        0.0375000000        1.0000000000
  3  1   3
       21.3900000000       -0.0480413000
        2.6500000000        0.6222337000
        0.8619000000        0.4758042000
  4  1   1
        0.0800000000        1.0000000000
  5  1   1
        0.0230000000        1.0000000000
  3  2   4
       39.2500000000        0.0361541000
       10.7800000000        0.1896744000
        3.4960000000        0.4524981000
        1.0660000000        0.5710427000
  4  2   1
        0.2606000000        1.0000000000
#
NICKEL NI (ECP|LANL2DZ)
  8
  3  0   3
        7.6200000000       -0.4082550000
        2.2940000000        0.7455308000
        0.8760000000        0.5325721000
  4  0   4
        7.6200000000        0.1872591000
        2.2940000000       -0.3966964000
        0.8760000000       -0.4954003000
        0.1153000000        1.0844343000
  5  0   1
        0.0396000000        1.0000000000
  3  1   3
       23.6600000000       -0.0481558000
        2.8930000000        0.6258473000
        0.9435000000        0.4715158000
  4  1   1
        0.0840000000        1.0000000000
  5  1   1
        0.0240000000        1.0000000000
  3  2   4
       42.7200000000        0.0372699000
       11.7600000000        0.1956103000
        3.8170000000        0.4561273000
        1.1690000000        0.5621587000
  4  2   1
        0.2836000000        1.0000000000
#
COPPER CU (ECP|LANL2DZ)
  8
  3  0   3
        8.1760000000       -0.4210260000
        2.5680000000        0.7385924000
        0.9587000000        0.5525692000
  4  0   4
        8.1760000000        0.1787665000
        2.5680000000       -0.3592273000
        0.9587000000       -0.4704825000
        0.1153000000        1.0807407000
  5  0   1
        0.0396000000        1.0000000000
  3  1   3
       25.6300000000       -0.0489173000
        3.1660000000        0.6272854000
        1.0230000000        0.4716188000
  4  1   1
        0.0860000000        1.0000000000
  5  1   1
        0.0240000000        1.0000000000
  3  2   4
       41.3400000000        0.0465424000
       11.4200000000        0.2227824000
        3.8390000000        0.4539059000
        1.2300000000        0.5314769000
  4  2   1
        0.3102000000        1.0000000000
#
ZINC ZN (ECP|LANL2DZ)
  6
  4  0   2
        0.7997000000       -0.6486112000
        0.1752000000        1.3138291000
  5  0   1
        0.0556000000        1.0000000000
  4  1   1
        0.1202000000        1.0000000000
  5  1   1
        0.0351000000        1.0000000000
  3  2   4
       68.8500000000        0.0258532000
       18.3200000000        0.1651195000
        5.9220000000        0.4468212000
        1.9270000000        0.5831080000
  4  2   1
        0.5528000000        1.0000000000
#
GALLIUM GA (ECP|LANL2DZ)
  4
  4  0   2
        0.8306000000       -1.6759436000
        0.3392000000        1.9877108000
  5  0   1
        0.0918000000        1.0000000000
  4  1   2
        1.6750000000       -0.0856107000
        0.2030000000        1.0226850000
  5  1   1
        0.0579000000        1.0000000000
#
GERMANIUM GE (ECP|LANL2DZ)
  4
  4  0   2
        0.8935000000       -2.1756591000
        0.4424000000        2.4493467000
  5  0   1
        0.1162000000        1.0000000000
  4  1   2
        1.8770000000       -0.1006779000
        0.2623000000        1.0306256000
  5  1   1
        0.0798000000        1.0000000000
#
ARSENIC AS (ECP|LANL2DZ)
  4
  4  0   2
        0.9635000000       -2.6709549000
        0.5427000000        2.9387892000
  5  0   1
        0.1407000000        1.0000000000
  4  1   2
        2.0840000000       -0.1137100000
        0.3224000000        1.0380266000
  5  1   1
        0.1020000000        1.0000000000
#
SELENIUM SE (ECP|LANL2DZ)
  4
  4  0   2
        1.0330000000       -3.3224095000
        0.6521000000        3.6003462000
  5  0   1
        0.1660000000        1.0000000000
  4  1   2
        2.3660000000       -0.1185522000
        0.3833000000        1.0414320000
  5  1   1
        0.1186000000        1.0000000000
#
BROMINE BR (ECP|LANL2DZ)
  4
  4  0   2
        1.1590000000       -3.0378769000
        0.7107000000        3.3703735000
  5  0   1
        0.1905000000        1.0000000000
  4  1   2
        2.6910000000       -0.1189800000
        0.4446000000        1.0424471000
  5  1   1
        0.1377000000        1.0000000000
#
KRYPTON KR (ECP|LANL2DZ)
  4
  4  0   2
        1.2270000000       -4.0317198000
        0.8457000000        4.3554125000
  5  0   1
        0.2167000000        1.0000000000
  4  1   2
        2.9200000000       -0.1330685000
        0.5169000000        1.0502807000
  5  1   1
        0.1614000000        1.0000000000
#
RUBIDIUM RB (QECP|LANL2DZ)
  6
  4  0   3
        1.4570000000       -1.0617406000
        0.9400000000        1.1722125000
        0.2706000000        0.7437008000
  5  0   4
        1.4570000000        0.5052174000
        0.9400000000       -0.5718404000
        0.2706000000       -0.6835308000
        0.0366000000        1.1136477000
  6  0   1
        0.0155000000        1.0000000000
  4  1   3
        3.3000000000       -0.0729417000
        0.5985000000        0.6321782000
        0.2067000000        0.4707426000
  5  1   2
        0.1947000000       -0.1250552000
        0.0318000000        1.0438206000
  6  1   1
        0.0124000000        1.0000000000
#
STRONTIUM SR (QECP|LANL2DZ)
  6
  4  0   3
        1.6480000000       -0.9519879000
        1.0030000000        1.0869857000
        0.3106000000        0.7203160000
  5  0   4
        1.6480000000        0.7914337000
        1.0030000000       -0.9434046000
        0.3106000000       -1.3043063000
        0.1099000000        0.9046869000
  6  0   1
        0.0292000000        1.0000000000
  4  1   3
        3.5520000000       -0.0886461000
        0.6975000000        0.6661857000
        0.2480000000        0.4390705000
  5  1   2
        0.2735000000       -0.1787470000
        0.0570000000        1.0766134000
  6  1   1
        0.0222000000        1.0000000000
#
YTTRIUM Y (QECP|LANL2DZ)
  8
  4  0   3
        1.7510000000       -1.1617905000
        1.1430000000        1.2958877000
        0.3581000000        0.7115125000
  5  0   4
        1.7510000000        0.9683123000
        1.1430000000       -1.1346367000
        0.3581000000       -1.1914054000
        0.1058000000        0.9281063000
  6  0   1
        0.0318000000        1.0000000000
  4  1   3
        3.8840000000       -0.0820601000
        0.7660000000        0.6756413000
        0.2890000000        0.4195482000
  5  1   2
        0.2896000000       -0.1501080000
        0.0629000000        1.0686926000
  6  1   1
        0.0223000000        1.0000000000
  4  2   3
        1.5230000000        0.1074843000
        0.5634000000        0.4563954000
        0.1834000000        0.6039855000
  5  2   1
        0.0569000000        1.0000000000
#
ZIRCONIUM ZR (QECP|LANL2DZ)
  8
  4  0   3
        1.9760000000       -0.9206745000
        1.1540000000        1.0929033000
        0.3910000000        0.6795621000
  5  0   4
        1.9760000000        0.7506060000
        1.1540000000       -0.9810826000
        0.3910000000       -1.0225151000
        0.1001000000        1.0860038000
  6  0   1
        0.0334000000        1.0000000000
  4  1   3
        4.1920000000       -0.0942554000
        0.8764000000        0.6783675000
        0.3263000000        0.4246618000
  5  1   2
        0.2972000000       -0.1527401000
        0.0724000000        1.0777185000
  6  1   1
        0.0243000000        1.0000000000
  4  2   3
        2.2690000000        0.0599741000
        0.7855000000        0.4734158000
        0.2615000000        0.6117178000
  5  2   1
        0.0802000000        1.0000000000
#
NIOBIUM NB (QECP|LANL2DZ)
  8
  4  0   3
        2.1820000000       -0.8846144000
        1.2090000000        1.1033775000
        0.4165000000        0.6298776000
  5  0   4
        2.1820000000        0.7790287000
        1.2090000000       -1.0752788000
        0.4165000000       -1.1506014000
        0.1454000000        0.9969155000
  6  0   1
        0.0392000000        1.0000000000
  4  1   3
        4.5190000000       -0.0817303000
        0.9406000000        0.6995115000
        0.3492000000        0.3980996000
  5  1   2
        0.4106000000       -0.1212176000
        0.0752000000        1.0480477000
  6  1   1
        0.0247000000        1.0000000000
  4  2   3
        3.4660000000        0.0315983000
        0.9938000000        0.4834306000
        0.3350000000        0.6164893000
  5  2   1
        0.1024000000        1.0000000000
#
MOLYBDENUM MO (QECP|LANL2DZ)
  8
  4  0   3
        2.3610000000       -0.9121760000
        1.3090000000        1.1477453000
        0.4500000000        0.6097109000
  5  0   4
        2.3610000000        0.8139259000
        1.3090000000       -1.1360084000
        0.4500000000       -1.1611592000
        0.1681000000        1.0064786000
  6  0   1
        0.0423000000        1.0000000000
  4  1   3
        4.8950000000       -0.0908258000
        1.0440000000        0.7042899000
        0.3877000000        0.3973179000
  5  1   2
        0.4995000000       -0.1081945000
        0.0780000000        1.0368093000
  6  1   1
        0.0247000000        1.0000000000
  4  2   3
        2.9930000000        0.0527063000
        1.0630000000        0.5003907000
        0.3721000000        0.5794024000
  5  2   1
        0.1178000000        1.0000000000
#
TECHNETIUM TC (QECP|LANL2DZ)
  8
  4  0   3
        2.3420000000       -1.4911782000
        1.6340000000        1.6749043000
        0.5094000000        0.6573006000
  5  0   4
        2.3420000000        1.3523997000
        1.6340000000       -1.6216301000
        0.5094000000       -1.1463770000
        0.1706000000        0.9859190000
  6  0   1
        0.0435000000        1.0000000000
  4  1   3
        5.2780000000       -0.0995419000
        1.1560000000        0.7081544000
        0.4302000000        0.3973571000
  5  1   2
        0.4767000000       -0.0973127000
        0.0895000000        1.0404862000
  6  1   1
        0.0246000000        1.0000000000
  4  2   3
        4.6320000000        0.0268724000
        1.2790000000        0.5073089000
        0.4425000000        0.5911381000
  5  2   1
        0.1364000000        1.0000000000
#
RUTHENIUM RU (QECP|LANL2DZ)
  8
  4  0   3
        2.5650000000       -1.0431056000
        1.5080000000        1.3314786000
        0.5129000000        0.5613065000
  5  0   4
        2.5650000000        0.8770128000
        1.5080000000       -1.2634660000
        0.5129000000       -0.8384987000
        0.1362000000        1.0637773000
  6  0   1
        0.0417000000        1.0000000000
  4  1   3
        4.8590000000       -0.0945755000
        1.2190000000        0.7434798000
        0.4413000000        0.3668144000
  5  1   2
        0.5725000000       -0.0880864000
        0.0830000000        1.0283970000
  6  1   1
        0.0250000000        1.0000000000
  4  2   3
        4.1950000000        0.0485729000
        1.3770000000        0.5105223000
        0.4828000000        0.5730028000
  5  2   1
        0.1501000000        1.0000000000
#
RHODIUM RH (QECP|LANL2DZ)
  8
  4  0   3
        2.6460000000       -1.3554084000
        1.7510000000        1.6112233000
        0.5713000000        0.5893814000
  5  0   4
        2.6460000000        1.1472137000
        1.7510000000       -1.4943525000
        0.5713000000       -0.8589704000
        0.1438000000        1.0297241000
  6  0   1
        0.0428000000        1.0000000000
  4  1   3
        5.4400000000       -0.0987699000
        1.3290000000        0.7433595000
        0.4845000000        0.3668462000
  5  1   2
        0.6595000000       -0.0838056000
        0.0869000000        1.0244841000
  6  1   1
        0.0257000000        1.0000000000
  4  2   3
        3.6690000000        0.0760059000
        1.4230000000        0.5158852000
        0.5091000000        0.5436585000
  5  2   1
        0.1610000000        1.0000000000
#
PALLADIUM PD (QECP|LANL2DZ)
  8
  4  0   3
        2.7870000000       -1.6102393000
        1.9650000000        1.8489842000
        0.6243000000        0.6037492000
  5  0   4
        2.7870000000        1.3540775000
        1.9650000000       -1.6780848000
        0.6243000000       -0.8559381000
        0.1496000000        1.0200299000
  6  0   1
        0.0436000000        1.0000000000
  4  1   3
        5.9990000000       -0.1034910000
        1.4430000000        0.7456952000
        0.5264000000        0.3656494000
  5  1   2
        0.7368000000        0.0763285000
        0.0899000000        0.9740065000
  6  1   1
        0.0262000000        1.0000000000
  4  2   3
        6.0910000000        0.0376146000
        1.7190000000        0.5200479000
        0.6056000000        0.5706071000
  5  2   1
        0.1883000000        1.0000000000
#
SILVER AG (QECP|LANL2DZ)
  8
  4  0   3
        2.9500000000       -1.7910564000
        2.1490000000        2.0244570000
        0.6684000000        0.6072839000
  5  0   4
        2.9500000000        1.0141125000
        2.1490000000       -1.2413971000
        0.6684000000       -0.4901427000
        0.0997000000        1.1128375000
  6  0   1
        0.0347000000        1.0000000000
  4  1   3
        6.5530000000       -0.1079117000
        1.5650000000        0.7403645000
        0.5748000000        0.3721008000
  5  1   2
        0.9085000000       -0.0418371000
        0.0833000000        1.0087586000
  6  1   1
        0.0252000000        1.0000000000
  4  2   3
        3.3910000000        0.1396938000
        1.5990000000        0.4744421000
        0.6282000000        0.5156311000
  5  2   1
        0.2108000000        1.0000000000
#
CADMIUM CD (QECP|LANL2DZ)
  6
  5  0   2
        0.5095000000       -1.2713002000
        0.1924000000        1.8002112000
  6  0   1
        0.0544000000        1.0000000000
  5  1   2
        0.8270000000       -0.1083020000
        0.1287000000        1.0367049000
  6  1   1
        0.0405000000        1.0000000000
  4  2   3
        5.1480000000        0.0703071000
        1.9660000000        0.5138427000
        0.7360000000        0.5416758000
  5  2   1
        0.2479000000        1.0000000000
#
INDIUM IN (QECP|LANL2DZ)
  4
  5  0   2
        0.4915000000       -4.2418681000
        0.3404000000        4.4784826000
  6  0   1
        0.0774000000        1.0000000000
  5  1   2
        0.9755000000       -0.1226473000
        0.1550000000        1.0417571000
  6  1   1
        0.0474000000        1.0000000000
#
TIN SN (QECP|LANL2DZ)
  4
  5  0   2
        0.5418000000       -4.2089644000
        0.3784000000        4.5198368000
  6  0   1
        0.0926000000        1.0000000000
  5  1   2
        1.0470000000       -0.1417678000
        0.1932000000        1.0554488000
  6  1   1
        0.0630000000        1.0000000000
#
ANTIMONY SB (QECP|LANL2DZ)
  4
  5  0   2
        0.5863000000       -4.7537662000
        0.4293000000        5.1096593000
  6  0   1
        0.1078000000        1.0000000000
  5  1   2
        1.1110000000       -0.1811707000
        0.2365000000        1.0791649000
  6  1   1
        0.0800000000        1.0000000000
#
TELLURIUM TE (QECP|LANL2DZ)
  4
  5  0   2
        0.6938000000       -2.4115013000
        0.4038000000        2.9179976000
  6  0   1
        0.1165000000        1.0000000000
  5  1   2
        1.2310000000       -0.1923340000
        0.2756000000        1.0876382000
  6  1   1
        0.0911000000        1.0000000000
#
IODINE I (QECP|LANL2DZ)
  4
  5  0   2
        0.7242000000       -2.9731048000
        0.4653000000        3.4827643000
  6  0   1
        0.1336000000        1.0000000000
  5  1   2
        1.2900000000       -0.2092377000
        0.3180000000        1.1035347000
  6  1   1
        0.1053000000        1.0000000000
#
XENON XE (QECP|LANL2DZ)
  4
  5  0   2
        0.7646000000       -3.6543172000
        0.5322000000        4.1674919000
  6  0   1
        0.1491000000        1.0000000000
  5  1   2
        1.2110000000       -0.2616924000
        0.3808000000        1.1570355000
  6  1   1
        0.1259000000        1.0000000000
#
CESIUM CS (QECP|LANL2DZ)
  6
  5  0   3
        0.8709000000       -1.1604798000
        0.5393000000        1.4198515000
        0.1724000000        0.5872905000
  6  0   4
        0.8709000000        0.8237727000
        0.5393000000       -1.0709181000
        0.1724000000       -0.9085122000
        0.0393000000        1.0774049000
  7  0   1
        0.0151000000        1.0000000000
  5  1   3
        1.4680000000       -0.1321033000
        0.4134000000        0.6572410000
        0.1536000000        0.4756456000
  6  1   2
        0.1458000000       -0.1680556000
        0.0279000000        1.0665746000
  7  1   1
        0.0113000000        1.0000000000
#
BARIUM BA (QECP|LANL2DZ)
  6
  5  0   3
        0.8699000000       -2.2549747000
        0.6676000000        2.5145786000
        0.1982000000        0.5775184000
  6  0   4
        0.8699000000        2.0391383000
        0.6676000000       -2.3717712000
        0.1982000000       -1.2758006000
        0.0823000000        1.1703346000
  7  0   1
        0.0231000000        1.0000000000
  5  1   3
        1.6050000000       -0.1626403000
        0.4790000000        0.6971289000
        0.1818000000        0.4505107000
  6  1   2
        0.1804000000       -0.2642537000
        0.0476000000        1.1347212000
  7  1   1
        0.0192000000        1.0000000000
#
LANTHANUM LA (QECP|LANL2DZ)
  8
  5  0   3
        0.9167000000       -3.0240751000
        0.7427000000        3.2971476000
        0.2237000000        0.5513542000
  6  0   4
        0.9167000000        2.6910243000
        0.7427000000       -3.0474363000
        0.2237000000       -1.1030211000
        0.0792000000        1.1941863000
  7  0   1
        0.0239000000        1.0000000000
  5  1   3
        1.5540000000       -0.1817168000
        0.5622000000        0.6632226000
        0.2239000000        0.5029782000
  6  1   2
        0.2125000000       -0.1968810000
        0.0483000000        1.0907542000
  7  1   1
        0.0179000000        1.0000000000
  5  2   2
        0.4524000000        0.4468051000
        0.1602000000        0.6543493000
  6  2   1
        0.0531000000        1.0000000000
#
HAFNIUM HF (QECP|LANL2DZ)
  8
  5  0   3
        1.9500000000       -1.2260850000
        1.1830000000        1.5695074000
        0.3897000000        0.4933412000
  6  0   4
        1.9500000000        1.0778382000
        1.1830000000       -1.5010862000
        0.3897000000       -1.1982175000
        0.1656000000        1.2290296000
  7  0   1
        0.0424000000        1.0000000000
  5  1   3
        1.9720000000       -0.6323467000
        1.3540000000        1.0465162000
        0.4134000000        0.5801670000
  6  1   2
        0.3427000000       -0.1739178000
        0.0804000000        1.0841644000
  7  1   1
        0.0274000000        1.0000000000
  5  2   2
        0.8226000000        0.4490405000
        0.2585000000        0.6723891000
  6  2   1
        0.0762000000        1.0000000000
#
TANTALUM TA (QECP|LANL2DZ)
  8
  5  0   3
        2.0440000000       -1.3104779000
        1.2670000000        1.6579925000
        0.4157000000        0.4848337000
  6  0   4
        2.0440000000        1.1897315000
        1.2670000000       -1.6650462000
        0.4157000000       -1.0563335000
        0.1671000000        1.1840652000
  7  0   1
        0.0482000000        1.0000000000
  5  1   3
        2.5650000000       -0.2917238000
        1.2290000000        0.7570649000
        0.4244000000        0.5240081000
  6  1   2
        0.4360000000       -0.1513014000
        0.0840000000        1.0613123000
  7  1   1
        0.0280000000        1.0000000000
  5  2   2
        0.8948000000        0.4731072000
        0.2989000000        0.6399200000
  6  2   1
        0.0935000000        1.0000000000
#
TUNGSTEN W (QECP|LANL2DZ)
  8
  5  0   3
        2.1370000000       -1.3916151000
        1.3470000000        1.7510261000
        0.4366000000        0.4694647000
  6  0   4
        2.1370000000        1.2985088000
        1.3470000000       -1.8102429000
        0.4366000000       -1.0844531000
        0.1883000000        1.2580618000
  7  0   1
        0.0518000000        1.0000000000
  5  1   3
        3.0050000000       -0.2405563000
        1.2280000000        0.7364092000
        0.4415000000        0.4881487000
  6  1   2
        0.4010000000       -0.1497499000
        0.0900000000        1.0707463000
  7  1   1
        0.0280000000        1.0000000000
  5  2   2
        0.9519000000        0.4985265000
        0.3270000000        0.6111110000
  6  2   1
        0.1054000000        1.0000000000
#
RHENIUM RE (QECP|LANL2DZ)
  8
  5  0   3
        2.1850000000       -1.6223730000
        1.4510000000        1.9938647000
        0.4585000000        0.4531166000
  6  0   4
        2.1850000000        1.5459752000
        1.4510000000       -2.0758927000
        0.4585000000       -1.1922396000
        0.2314000000        1.2272864000
  7  0   1
        0.0566000000        1.0000000000
  5  1   3
        3.3580000000       -0.2318667000
        1.2710000000        0.7458683000
        0.4644000000        0.4632686000
  6  1   2
        0.4960000000       -0.1311370000
        0.0890000000        1.0503671000
  7  1   1
        0.0280000000        1.0000000000
  5  2   2
        1.1160000000        0.4689888000
        0.4267000000        0.6209591000
  6  2   1
        0.1378000000        1.0000000000
#
OSMIUM OS (QECP|LANL2DZ)
  8
  5  0   3
        2.2220000000       -1.6538036000
        1.4960000000        2.0670297000
        0.4774000000        0.4232017000
  6  0   4
        2.2220000000        1.6046968000
        1.4960000000       -2.2120386000
        0.4774000000       -1.1301209000
        0.2437000000        1.2654553000
  7  0   1
        0.0583000000        1.0000000000
  5  1   3
        2.5180000000       -0.4177345000
        1.4600000000        0.9434947000
        0.4923000000        0.4672976000
  6  1   2
        0.5100000000       -0.1490279000
        0.0980000000        1.0603616000
  7  1   1
        0.0290000000        1.0000000000
  5  2   2
        1.1830000000        0.4838470000
        0.4492000000        0.6079573000
  6  2   1
        0.1463000000        1.0000000000
#
IRIDIUM IR (QECP|LANL2DZ)
  8
  5  0   3
        2.3500000000       -1.6784642000
        1.5820000000        2.0952553000
        0.5018000000        0.4162934000
  6  0   4
        2.3500000000        1.6464467000
        1.5820000000       -2.2748150000
        0.5018000000       -1.0494357000
        0.2500000000        1.2167791000
  7  0   1
        0.0598000000        1.0000000000
  5  1   3
        2.7920000000       -0.3889212000
        1.5410000000        0.9077516000
        0.5285000000        0.4691443000
  6  1   2
        0.5100000000       -0.1170669000
        0.0980000000        1.0489002000
  7  1   1
        0.0290000000        1.0000000000
  5  2   2
        1.2400000000        0.5087022000
        0.4647000000        0.5862102000
  6  2   1
        0.1529000000        1.0000000000
#
PLATINUM PT (QECP|LANL2DZ)
  8
  5  0   3
        2.5470000000       -1.4739175000
        1.6140000000        1.9115719000
        0.5167000000        0.3922319000
  6  0   4
        2.5470000000        1.4388166000
        1.6140000000       -2.0911821000
        0.5167000000       -1.0921315000
        0.2651000000        1.3426596000
  7  0   1
        0.0580000000        1.0000000000
  5  1   3
        2.9110000000       -0.5247438000
        1.8360000000        0.9671884000
        0.5982000000        0.5438632000
  6  1   2
        0.6048000000       -0.1061438000
        0.0996000000        1.0383102000
  7  1   1
        0.0290000000        1.0000000000
  5  2   2
        1.2430000000        0.5598150000
        0.4271000000        0.5511090000
  6  2   1
        0.1370000000        1.0000000000
#
GOLD AU (QECP|LANL2DZ)
  8
  5  0   3
        2.8090000000       -1.2021556000
        1.5950000000        1.6741578000
        0.5327000000        0.3526593000
  6  0   4
        2.8090000000        1.1608481000
        1.5950000000       -1.8642846000
        0.5327000000       -1.0356230000
        0.2826000000        1.3064399000
  7  0   1
        0.0598000000        1.0000000000
  5  1   3
        3.6840000000       -0.2802681000
        1.6660000000        0.7818398000
        0.5989000000        0.4804776000
  6  1   2
        0.6838000000       -0.0952078000
        0.0977000000        1.0299147000
  7  1   1
        0.0279000000        1.0000000000
  5  2   2
        1.2870000000        0.5844273000
        0.4335000000        0.5298161000
  6  2   1
        0.1396000000        1.0000000000
#
LEAD PB (QECP|LANL2DZ)
  4
  6  0   2
        0.5135000000       -4.3675036000
        0.3756000000        4.8504656000
  7  0   1
        0.0944000000        1.0000000000
  6  1   2
        0.8748000000       -0.1793128000
        0.1843000000        1.0776505000
  7  1   1
        0.0598000000        1.0000000000
#
BISMUTH BI (QECP|LANL2DZ)
  4
  6  0   2
        0.5744000000       -3.2278875000
        0.3851000000        3.7637689000
  7  0   1
        0.1050000000        1.0000000000
  6  1   2
        0.9105000000       -0.2164189000
        0.2194000000        1.1041867000
  7  1   1
        0.0745000000        1.0000000000
#
URANIUM U (QECP|LANL2DZ)
 10
  6  0   4
        2.4440000000        0.2802780000
        1.4330000000       -1.3231100000
        0.6677000000        1.3949990000
        0.2556000000        0.4531230000
  7  0   5
        2.4440000000       -0.0837540000
        1.4330000000        0.6082360000
        0.6677000000       -0.8184330000
        0.2556000000       -0.9057530000
        0.1200000000        1.2340200000
  8  0   1
        0.0400000000        1.0000000000
  6  1   3
        1.1380000000       -0.5581500000
        0.6874000000        0.9701720000
        0.2506000000        0.5419030000
  7  1   4
        1.1380000000        0.2257630000
        0.6874000000       -0.4204690000
        0.2506000000       -0.5459030000
        0.1200000000        0.7429360000
  8  1   1
        0.0400000000        1.0000000000
  6  2   1
        0.3826000000        1.0000000000
  7  2   1
        0.1473000000        1.0000000000
  5  3   2
        4.1130000000        0.2189930000
        1.6970000000        0.4595390000
  6  3   2
        0.6774000000        0.4216990000
        0.2510000000        0.1790660000
#
NEPTUNIUM NP (QECP|LANL2DZ)
 10
  6  0   4
        2.3780000000        0.5719500000
        1.5750000000       -1.9571550000
        0.8950000000        1.4731800000
        0.3180000000        0.7126170000
  7  0   5
        2.3780000000       -0.2204320000
        1.5750000000        0.9324950000
        0.8950000000       -0.8246300000
        0.3180000000       -0.9022650000
        0.1130000000        1.1030570000
  8  0   1
        0.0400000000        1.0000000000
  6  1   3
        1.3050000000       -0.4680230000
        0.7210000000        0.8473720000
        0.2690000000        0.5628310000
  7  1   4
        1.3050000000        0.1995460000
        0.7210000000       -0.3949300000
        0.2690000000       -0.4360310000
        0.1000000000        0.7862530000
  8  1   1
        0.0374000000        1.0000000000
  6  2   1
        0.3960000000        1.0000000000
  7  2   1
        0.1500000000        1.0000000000
  5  3   2
        4.7910000000        0.1853610000
        1.9830000000        0.4568540000
  6  3   2
        0.7890000000        0.4369420000
        0.2900000000        0.1981980000
#
PLUTONIUM PU (QECP|LANL2DZ)
 10
  6  0   5
       11.5600000000       -0.0364860000
        2.4870000000        1.6156990000
        1.7990000000       -3.6388560000
        1.1760000000        2.0314710000
        0.3590000000        0.8533040000
  7  0   6
       11.5600000000        0.0175310000
        2.4870000000       -0.7027910000
        1.7990000000        1.7339680000
        1.1760000000       -1.0902960000
        0.3590000000       -0.9450600000
        0.1130000000        1.1062660000
  8  0   1
        0.0400000000        1.0000000000
  6  1   4
        2.5800000000        0.2005000000
        1.6220000000       -0.5912260000
        0.7482000000        0.7974730000
        0.2793000000        0.5635550000
  7  1   5
        2.5800000000       -0.0697090000
        1.6220000000        0.2196110000
        0.7482000000       -0.3575470000
        0.2793000000       -0.4281660000
        0.1000000000        0.7932680000
  8  1   1
        0.0370000000        1.0000000000
  6  2   1
        0.4090000000        1.0000000000
  7  2   1
        0.1520000000        1.0000000000
  5  3   2
        4.8570000000        0.2066870000
        2.0310000000        0.4696250000
  6  3   2
        0.8150000000        0.4212150000
        0.3020000000        0.1725220000
