#           - TZVP LDA (H,Li,B,C,N,O,F,Si,P,S,Cl)
#             (21.11.96, Matthias Krack)
#             (29.06.2018, Roberto Flores-Moreno, adapted to Nagual)
#
################################################################################
#
# TZVP LDA Basis Sets
#
################################################################################
#
HYDROGEN HYDROGEN H (41/11*) (TZVP)
  4
  1  0   4
       50.9991800000        0.0096604760
        7.4832180000        0.0737288600
        1.7774680000        0.2958581000
        0.5193295000        0.7159053000
  2  0   1
        0.1541100000        1.0000000000
  2  1   1
        0.7500000000        1.0000000000
  3  1   1
        0.1160000000        1.0000000000
#
BORON BORON B (7111/411/1*) (TZVP)
  8
  1  0   7
     3862.5990000000        0.0008493277
      581.4507000000        0.0065080950
      133.1696000000        0.0326348400
       37.9878700000        0.1191406000
       12.3278500000        0.3030930000
        4.3449640000        0.4512283000
        1.5637310000        0.2449106000
  2  0   1
        3.4966260000        1.0000000000
  3  0   1
        0.3045523000        1.0000000000
  4  0   1
        0.0962327300        1.0000000000
  2  1   4
       22.2584600000        0.0055288170
        5.0508640000        0.0385616100
        1.4846510000        0.1440193000
        0.4979771000        0.3428421000
  3  1   1
        0.1710900000        1.0000000000
  4  1   1
        0.0570743800        1.0000000000
  3  2   1
        0.4000000000        1.0000000000
#
CARBON CARBON C (7111/411/1*) (TZVP)
  8
  1  0   7
     5784.1570000000        0.0008189950
      869.3035000000        0.0062934710
      198.5116000000        0.0317811800
       56.4299000000        0.1172734000
       18.2854600000        0.3034763000
        6.4487150000        0.4535214000
        2.3418600000        0.2430591000
  2  0   1
        5.4595330000        1.0000000000
  3  0   1
        0.4781968000        1.0000000000
  4  0   1
        0.1457301000        1.0000000000
  2  1   4
       34.2585600000        0.0058042900
        7.8638950000        0.0406403400
        2.3445190000        0.1550219000
        0.7961715000        0.3531444000
  3  1   1
        0.2726804000        1.0000000000
  4  1   1
        0.0892604700        1.0000000000
  3  2   1
        0.6000000000        1.0000000000
#
NITROGEN NITROGEN N (7111/411/1*) (TZVP)
  8
  1  0   7
     8104.1760000000        0.0007969164
     1217.3140000000        0.0061288990
      277.7399000000        0.0310470800
       78.8476000000        0.1153682000
       25.5371600000        0.3025738000
        9.0045710000        0.4557913000
        3.2835280000        0.2430208000
  2  0   1
        7.8493570000        1.0000000000
  3  0   1
        0.6862239000        1.0000000000
  4  0   1
        0.2035026000        1.0000000000
  2  1   4
       49.0146100000       -0.0059006540
       11.3166700000       -0.0416444200
        3.4034050000       -0.1610249000
        1.1611110000       -0.3583538000
  3  1   1
        0.3953358000        1.0000000000
  4  1   1
        0.1268981000        1.0000000000
  3  2   1
        0.7000000000        1.0000000000
#
OXYGEN OXYGEN O (7111/411/1*) (TZVP)
  8
  1  0   7
    10814.4000000000        0.0007809405
     1623.7530000000        0.0060102170
      370.1827000000        0.0305221800
      104.9747000000        0.1140089000
       33.9844200000        0.3019574000
       11.9843100000        0.4571107000
        4.3859710000        0.2432478000
  2  0   1
       10.6300300000        1.0000000000
  3  0   1
        0.9398525000        1.0000000000
  4  0   1
        0.2766213000        1.0000000000
  2  1   4
       61.5442200000        0.0066238050
       14.2761900000        0.0464641700
        4.3317680000        0.1744229000
        1.4766040000        0.3666115000
  3  1   1
        0.4959857000        1.0000000000
  4  1   1
        0.1544836000        1.0000000000
  3  2   1
        0.8000000000        1.0000000000
#
FLUORINE FLUORINE F (7111/411/1*) (TZVP)
  8
  1  0   7
    13652.1000000000        0.0007873155
     2050.2870000000        0.0060549950
      467.6871000000        0.0307289000
      132.7635000000        0.1146453000
       43.0763800000        0.3037706000
       15.2288300000        0.4573067000
        5.6051180000        0.2395779000
  2  0   1
       13.8479400000        1.0000000000
  3  0   1
        1.2266890000        1.0000000000
  4  0   1
        0.3574564000        1.0000000000
  2  1   4
       78.9617500000        0.0067826750
       18.3478800000        0.0478976000
        5.5871890000        0.1793841000
        1.9018470000        0.3692988000
  3  1   1
        0.6333652000        1.0000000000
  4  1   1
        0.1933455000        1.0000000000
  3  2   1
        1.0000000000        1.0000000000
#
SILICON SILICON SI (73111/6111/1*) (TZVP)
 10
  1  0   7
    42393.9300000000       -0.0005895343
     6264.1130000000       -0.0046483310
     1407.8550000000       -0.0242469700
      392.2039000000       -0.0956786100
      124.6269000000       -0.2748168000
       43.3672500000       -0.4640238000
       15.7102400000       -0.2847122000
  2  0   3
       35.2235700000        0.0900852400
        3.5517240000       -0.5764526000
        1.2528820000       -0.5002972000
  3  0   1
        1.9452050000        1.0000000000
  4  0   1
        0.2368547000        1.0000000000
  5  0   1
        0.0859242600        1.0000000000
  2  1   6
      368.5215000000        0.0031445770
       83.6558200000        0.0262446800
       25.6576800000        0.1196279000
        8.9925570000        0.3209705000
        3.2480690000        0.4750237000
        1.1380730000        0.2774066000
  3  1   1
        0.5284094000        1.0000000000
  4  1   1
        0.1831337000        1.0000000000
  5  1   1
        0.0625550100        1.0000000000
  3  2   1
        0.4500000000        1.0000000000
#
PHOSPHORUS PHOSPHORUS P (73111/6111/1*) (TZVP)
 10
  1  0   7
    48863.3600000000       -0.0005864814
     7253.0460000000       -0.0046007540
     1632.6020000000       -0.0239863900
      454.9823000000       -0.0947864400
      144.6226000000       -0.2730769000
       50.3827200000       -0.4635665000
       18.2866900000       -0.2875814000
  2  0   3
       40.7125200000        0.0921009900
        4.1800190000       -0.5820485000
        1.5111170000       -0.4937273000
  3  0   1
        2.4442470000        1.0000000000
  4  0   1
        0.3116418000        1.0000000000
  5  0   1
        0.1120119000        1.0000000000
  2  1   6
      435.2946000000       -0.0030634920
      101.3545000000       -0.0248673900
       31.4116600000       -0.1147112000
       11.0759800000       -0.3153050000
        4.0461810000       -0.4779211000
        1.4423810000       -0.2800161000
  3  1   1
        0.7002308000        1.0000000000
  4  1   1
        0.2448107000        1.0000000000
  5  1   1
        0.0829896000        1.0000000000
  3  2   1
        0.5500000000        1.0000000000
#
SULFUR SULFUR S (73111/6111/1*) (TZVP)
 10
  1  0   7
    56415.5800000000       -0.0005778434
     8345.2690000000       -0.0045512690
     1876.3040000000       -0.0237472300
      522.7322000000       -0.0939806900
      166.1749000000       -0.2715021000
       57.9454200000       -0.4631538000
       21.0667500000       -0.2901939000
  2  0   3
       46.6193200000       -0.0938900600
        4.8598910000        0.5877892000
        1.7911820000        0.4873486000
  3  0   1
        2.9765950000        1.0000000000
  4  0   1
        0.3942261000        1.0000000000
  5  0   1
        0.1416732000        1.0000000000
  2  1   6
      520.4203000000       -0.0029301630
      120.4300000000       -0.0241100800
       37.3906300000       -0.1121763000
       13.2484500000       -0.3123067000
        4.8881280000       -0.4801109000
        1.7649320000       -0.2793977000
  3  1   1
        0.8892067000        1.0000000000
  4  1   1
        0.3103283000        1.0000000000
  5  1   1
        0.1030676000        1.0000000000
  3  2   1
        0.6500000000        1.0000000000
#
CHLORINE CHLORINE CL (73111/6111/1*) (TZVP)
 10
  1  0   7
    63923.6300000000       -0.0005740591
     9525.9870000000       -0.0044851460
     2146.3120000000       -0.0233936900
      598.0274000000       -0.0928049500
      190.0285000000       -0.2693197000
       66.2619600000       -0.4629613000
       24.0966100000       -0.2937123000
  2  0   3
       52.9332500000        0.0954770000
        5.5923080000       -0.5930161000
        2.0939560000       -0.4816896000
  3  0   1
        3.5576860000        1.0000000000
  4  0   1
        0.4847469000        1.0000000000
  5  0   1
        0.1733046000        1.0000000000
  2  1   6
      583.2012000000       -0.0030511240
      135.4473000000       -0.0249121200
       42.3356200000       -0.1147106000
       15.1542700000       -0.3147476000
        5.6830680000       -0.4781012000
        2.0902390000       -0.2717696000
  3  1   1
        1.0979970000        1.0000000000
  4  1   1
        0.3822761000        1.0000000000
  5  1   1
        0.1249985000        1.0000000000
  3  2   1
        0.7500000000        1.0000000000
#
################################################################################
